0.983576 0.016424 0.000000 0.981933 0.018067 0.000000 0.512044
0.952797 0.047203 0.000000 0.948077 0.051923 0.000000 0.519210
0.907240 0.092760 0.000000 0.897964 0.102036 0.000000 0.526570
0.846924 0.153076 0.000000 0.831616 0.168384 0.000000 0.533920
0.681716 0.318284 0.000000 0.649888 0.350112 0.000000 0.548732
0.456614 0.543386 0.000000 0.402276 0.597724 0.000000 0.563675
0.321451 0.678549 0.000000 0.253596 0.746404 0.000000 0.571190
0.005507 0.994493 0.000000 -0.000000 0.906058 0.093942 0.586352
-0.000000 0.824787 0.175213 -0.000000 0.707266 0.292734 0.593878
-0.000000 0.629508 0.370492 -0.000000 0.492458 0.507542 0.601130
0.045069 0.000000 0.954931 0.249576 0.000000 0.750424 0.623138
0.299423 0.000000 0.700577 0.529366 0.000000 0.470634 0.630469
0.568356 0.000000 0.431644 0.825192 0.000000 0.174808 0.637686
0.851524 0.000000 0.148476 0.863324 0.136676 0.000000 0.644735
0.213484 0.786516 0.000000 -0.000000 0.834832 0.165168 0.666107
-0.000000 0.872864 0.127136 -0.000000 0.460151 0.539849 0.673315
-0.000000 0.518448 0.481552 -0.000000 0.070293 0.929707 0.680184
0.230847 0.000000 0.769153 0.753931 0.000000 0.246069 0.693576
0.625535 0.000000 0.374465 0.811912 0.188088 0.000000 0.700067
0.546081 0.453919 0.000000 -0.000000 0.900689 0.099311 0.712977
-0.000000 0.663810 0.336190 0.069809 0.000000 0.930191 0.726368
-0.000000 0.203951 0.796049 0.575654 0.000000 0.424346 0.732425
0.268346 0.000000 0.731654 0.904820 0.095180 0.000000 0.738532
0.752395 0.000000 0.247605 0.372366 0.627634 0.000000 0.744296
0.243184 0.756816 0.000000 -0.000000 0.267502 0.732498 0.756357
-0.000000 0.722945 0.277055 0.304760 0.000000 0.695240 0.762272
-0.000000 0.191286 0.808714 0.889585 0.000000 0.110415 0.767905
0.351071 0.000000 0.648929 0.513822 0.486178 0.000000 0.773141
0.531225 0.468775 0.000000 -0.000000 0.284347 0.715653 0.783951
-0.000000 0.370680 0.629320 0.992252 0.000000 0.007748 0.794574
0.224114 0.000000 0.775886 0.353475 0.646525 0.000000 0.799007
0.556047 0.443953 0.000000 -0.000000 0.011652 0.988348 0.808714
-0.000000 0.932429 0.067571 0.674328 0.000000 0.325672 0.813194
-0.000000 0.299119 0.700881 0.629030 0.370970 0.000000 0.817951
0.348681 0.651319 0.000000 0.516451 0.000000 0.483549 0.829929
-0.000000 0.682016 0.317984 0.750217 0.249783 0.000000 0.834295
-0.000000 0.007679 0.992321 0.008447 0.991553 0.000000 0.838095
0.675234 0.000000 0.324766 -0.000000 0.257243 0.742757 0.842355
-0.000000 0.237803 0.762197 -0.000000 0.961584 0.038416 0.851893
0.472114 0.000000 0.527886 -0.000000 0.180675 0.819325 0.855564
0.812941 0.187059 0.000000 0.605765 0.000000 0.394235 0.857946
-0.000000 0.366716 0.633284 -0.000000 0.803387 0.196613 0.863436
0.365681 0.000000 0.634319 0.002250 0.000000 0.997750 0.866508
0.158258 0.841742 0.000000 0.374084 0.625916 0.000000 0.869789
0.337427 0.000000 0.662573 0.271169 0.000000 0.728831 0.875047
0.909442 0.090558 0.000000 0.900386 0.099614 0.000000 0.876359
0.154552 0.845448 0.000000 0.070007 0.929993 0.000000 0.877055
-0.000000 0.394127 0.605873 -0.000000 0.233540 0.766460 0.879884
0.866643 0.133357 0.000000 0.553308 0.446692 0.000000 0.881740
0.100788 0.899212 0.000000 -0.000000 0.710867 0.289133 0.882239
-0.000000 0.331063 0.668937 0.135830 0.000000 0.864170 0.884259
0.439751 0.000000 0.560249 0.983726 0.000000 0.016274 0.884727
0.016844 0.983156 0.000000 -0.000000 0.318529 0.681471 0.885272
0.531134 0.000000 0.468866 0.615753 0.384247 0.000000 0.885833
0.695792 0.304208 0.000000 -0.000000 0.765372 0.234628 0.885312
-0.000000 0.149328 0.850672 0.935739 0.000000 0.064261 0.885380
0.621979 0.000000 0.378021 0.215823 0.784177 0.000000 0.884263
0.607361 0.392639 0.000000 -0.000000 0.368097 0.631903 0.883843
0.694043 0.000000 0.305957 -0.000000 0.836553 0.163447 0.880705
0.543137 0.456863 0.000000 0.002550 0.000000 0.997450 0.879662
-0.000000 0.783764 0.216236 0.837859 0.000000 0.162141 0.877866
-0.000000 0.027211 0.972789 0.329933 0.670067 0.000000 0.876374
-0.000000 0.778703 0.221297 0.856573 0.143427 0.000000 0.870538
-0.000000 0.037705 0.962295 0.041476 0.958524 0.000000 0.868318
0.699822 0.000000 0.300178 -0.000000 0.230195 0.769805 0.866583
-0.000000 0.842537 0.157463 0.626791 0.373209 0.000000 0.860609
-0.000000 0.121337 0.878663 -0.000000 0.833471 0.166529 0.858167
0.696152 0.303848 0.000000 0.734232 0.000000 0.265768 0.851932
-0.000000 0.297539 0.702461 -0.000000 0.727293 0.272707 0.845626
0.392446 0.000000 0.607554 0.031691 0.000000 0.968309 0.842352
0.925739 0.074261 0.000000 0.781687 0.000000 0.218313 0.838122
0.252506 0.747494 0.000000 0.477756 0.522244 0.000000 0.833663
0.074194 0.000000 0.925806 -0.000000 0.018387 0.981613 0.827024
0.724672 0.000000 0.275328 0.697139 0.000000 0.302861 0.822270
0.634226 0.365774 0.000000 0.597649 0.402351 0.000000 0.817392
0.001881 0.998119 0.000000 -0.000000 0.902070 0.097930 0.812973
0.238236 0.000000 0.761764 0.462059 0.000000 0.537941 0.804250
0.563169 0.436831 0.000000 0.219486 0.780514 0.000000 0.793495
-0.000000 0.978004 0.021996 -0.000000 0.575805 0.424195 0.789193
0.161902 0.000000 0.838098 0.678093 0.000000 0.321907 0.778695
0.715031 0.000000 0.284969 0.713465 0.286535 0.000000 0.773048
0.743494 0.256506 0.000000 0.117843 0.882157 0.000000 0.767137
-0.000000 0.184093 0.815907 0.597498 0.000000 0.402502 0.750471
0.312036 0.000000 0.687964 0.856760 0.143240 0.000000 0.744397
0.795624 0.000000 0.204376 0.324814 0.675186 0.000000 0.738046
0.733038 0.266962 0.000000 -0.000000 0.806341 0.193659 0.731894
-0.000000 0.392818 0.607182 0.667900 0.000000 0.332100 0.713273
0.028121 0.000000 0.971879 0.869067 0.130933 0.000000 0.706637
0.435774 0.000000 0.564226 0.420648 0.579352 0.000000 0.699945
0.788806 0.211194 0.000000 -0.000000 0.567687 0.432313 0.686617
0.421844 0.578156 0.000000 -0.000000 0.164029 0.835971 0.679563
-0.000000 0.728797 0.271203 0.598323 0.000000 0.401677 0.665935
-0.000000 0.091951 0.908049 0.701146 0.298854 0.000000 0.651671
0.205102 0.000000 0.794898 0.374388 0.625612 0.000000 0.644531
0.487755 0.000000 0.512245 0.063470 0.936530 0.000000 0.637322
0.756105 0.000000 0.243895 -0.000000 0.768284 0.231716 0.630165
0.752080 0.247920 0.000000 -0.000000 0.227289 0.772711 0.615219
0.528461 0.471539 0.000000 0.018692 0.000000 0.981308 0.607792
0.319849 0.680151 0.000000 0.248167 0.000000 0.751833 0.600287
0.126017 0.873983 0.000000 0.461381 0.000000 0.538619 0.592894
-0.000000 0.783524 0.216476 0.838124 0.000000 0.161876 0.577810
-0.000000 0.502356 0.497644 0.852592 0.147408 0.000000 0.562464
-0.000000 0.384805 0.615195 0.723285 0.276715 0.000000 0.554786
-0.000000 0.196011 0.803989 0.515612 0.484388 0.000000 0.539363
-0.000000 0.124893 0.875107 0.437382 0.562618 0.000000 0.531605
-0.000000 0.069373 0.930627 0.376310 0.623690 0.000000 0.523820
0.003471 0.000000 0.996529 0.296182 0.703818 0.000000 0.500456
-0.000000 0.003411 0.996589 0.303752 0.696248 0.000000 0.492699
-0.000000 0.025829 0.974171 0.328412 0.671588 0.000000 0.484954
-0.000000 0.063788 0.936212 0.370166 0.629834 0.000000 0.477206
-0.000000 0.271089 0.728911 0.598197 0.401803 0.000000 0.453930
-0.000000 0.371264 0.628736 0.708391 0.291609 0.000000 0.446208
-0.000000 0.486871 0.513129 0.835558 0.164442 0.000000 0.438527
-0.000000 0.764049 0.235951 0.859546 0.000000 0.140454 0.423288
-0.000000 0.925612 0.074388 0.681827 0.000000 0.318173 0.415657
0.294397 0.705603 0.000000 0.276164 0.000000 0.723836 0.400501
0.724251 0.275749 0.000000 -0.000000 0.196676 0.803324 0.385338
0.961562 0.038438 0.000000 -0.000000 0.457718 0.542282 0.377984
0.786406 0.000000 0.213594 -0.000000 0.734954 0.265046 0.370666
0.519343 0.000000 0.480657 0.028723 0.971277 0.000000 0.363198
-0.000000 0.059544 0.940456 0.665498 0.334502 0.000000 0.348314
-0.000000 0.371134 0.628866 0.991753 0.000000 0.008247 0.341088
-0.000000 0.696517 0.303483 0.633831 0.000000 0.366169 0.334240
0.036240 0.963760 0.000000 0.260137 0.000000 0.739863 0.327119
0.757821 0.242179 0.000000 -0.000000 0.533603 0.466397 0.313116
0.466066 0.000000 0.533934 0.387327 0.612673 0.000000 0.299819
0.056999 0.000000 0.943001 0.837301 0.162699 0.000000 0.292752
-0.000000 0.801230 0.198770 0.218647 0.000000 0.781353 0.279567
0.250012 0.749988 0.000000 -0.000000 0.275013 0.724987 0.273024
0.711540 0.288460 0.000000 -0.000000 0.782694 0.217306 0.266709
-0.000000 0.169937 0.830063 0.613069 0.000000 0.386931 0.248426
-0.000000 0.681220 0.318780 0.050658 0.000000 0.949342 0.242125
0.204713 0.795287 0.000000 -0.000000 0.525185 0.474815 0.236032
0.739243 0.260757 0.000000 0.113167 0.886833 0.000000 0.230586
-0.000000 0.409827 0.590173 0.049191 0.000000 0.950809 0.213908
-0.000000 0.989870 0.010130 -0.000000 0.588857 0.411143 0.208099
0.579423 0.420577 0.000000 0.237365 0.762635 0.000000 0.203403
0.211841 0.000000 0.788159 0.433025 0.000000 0.566975 0.193955
-0.000000 0.408520 0.591480 -0.000000 0.249372 0.750628 0.188318
0.677242 0.322758 0.000000 0.644967 0.355033 0.000000 0.179382
0.019025 0.000000 0.980975 -0.000000 0.079073 0.920927 0.170693
-0.000000 0.647848 0.352152 -0.000000 0.812633 0.187367 0.165364
0.321791 0.678209 0.000000 0.553971 0.446029 0.000000 0.161864
0.996790 0.000000 0.003210 0.696469 0.000000 0.303531 0.158346
-0.000000 0.389642 0.610358 -0.000000 0.828606 0.171394 0.150195
0.094213 0.905787 0.000000 0.603634 0.396366 0.000000 0.146863
0.804818 0.195182 0.000000 0.614700 0.000000 0.385300 0.144044
0.477993 0.000000 0.522007 -0.000000 0.174208 0.825792 0.140902
-0.000000 0.977534 0.022466 0.775288 0.224712 0.000000 0.134113
0.545582 0.000000 0.454418 -0.000000 0.399859 0.600141 0.129059
-0.000000 0.201568 0.798432 0.221725 0.778275 0.000000 0.126207
0.709084 0.290916 0.000000 0.120007 0.000000 0.879993 0.122320
0.529753 0.000000 0.470247 -0.000000 0.717272 0.282728 0.119502
-0.000000 0.235109 0.764891 0.558620 0.441380 0.000000 0.117674
0.449551 0.000000 0.550449 0.105494 0.894506 0.000000 0.112677
-0.000000 0.328230 0.671770 0.961053 0.038947 0.000000 0.111564
0.107989 0.892011 0.000000 0.181212 0.000000 0.818788 0.110657
0.890988 0.109012 0.000000 -0.000000 0.680086 0.319914 0.109086
0.248613 0.751387 0.000000 -0.000000 0.273474 0.726526 0.107279
0.962517 0.000000 0.037483 0.141231 0.858769 0.000000 0.106438
0.174074 0.000000 0.825926 0.991482 0.000000 0.008518 0.106828
0.404410 0.595590 0.000000 -0.000000 0.744851 0.255149 0.106123
0.806165 0.000000 0.193835 0.613218 0.386782 0.000000 0.106485
-0.000000 0.769510 0.230490 -0.000000 0.346461 0.653539 0.107554
0.658663 0.000000 0.341337 0.924529 0.000000 0.075471 0.109151
-0.000000 0.123279 0.876721 0.064393 0.000000 0.935607 0.110753
-0.000000 0.904956 0.095044 -0.000000 0.795451 0.204549 0.110788
0.683514 0.316486 0.000000 0.651866 0.348134 0.000000 0.112387
-0.000000 0.230986 0.769014 -0.000000 0.354084 0.645916 0.115869
0.001046 0.998954 0.000000 0.201151 0.798849 0.000000 0.116838
0.766438 0.233562 0.000000 0.956918 0.000000 0.043082 0.119312
0.472953 0.000000 0.527047 0.120249 0.000000 0.879751 0.121925
0.038144 0.961856 0.000000 0.541959 0.458041 0.000000 0.125446
0.472225 0.000000 0.527775 -0.000000 0.180553 0.819447 0.131423
-0.000000 0.265499 0.734501 -0.000000 0.992049 0.007951 0.133568
0.721768 0.278232 0.000000 0.406055 0.000000 0.593945 0.140343
0.559399 0.000000 0.440601 -0.000000 0.384661 0.615339 0.143287
-0.000000 0.153332 0.846668 0.168666 0.831334 0.000000 0.146306
0.752184 0.000000 0.247816 -0.000000 0.472597 0.527403 0.157372
0.069006 0.000000 0.930994 0.224093 0.775907 0.000000 0.161330
-0.000000 0.606578 0.393422 0.967235 0.032765 0.000000 0.165173
0.272421 0.727579 0.000000 0.300337 0.000000 0.699663 0.170119
-0.000000 0.220163 0.779837 0.842179 0.157821 0.000000 0.183032
-0.000000 0.850921 0.149079 0.463987 0.000000 0.536013 0.187868
0.472188 0.527812 0.000000 -0.000000 0.219407 0.780593 0.192640
0.315032 0.000000 0.684968 0.553465 0.446535 0.000000 0.202976
-0.000000 0.276201 0.723799 0.796179 0.000000 0.203821 0.207845
0.426777 0.573223 0.000000 -0.000000 0.469455 0.530545 0.218387
0.467614 0.000000 0.532386 0.685625 0.314375 0.000000 0.230253
-0.000000 0.068394 0.931606 0.724767 0.000000 0.275233 0.235674
-0.000000 0.593167 0.406833 0.147517 0.000000 0.852483 0.241283
0.106326 0.893674 0.000000 -0.000000 0.416958 0.583042 0.247059
0.905210 0.000000 0.094790 0.504269 0.495731 0.000000 0.259815
0.429754 0.000000 0.570246 0.972729 0.000000 0.027271 0.266110
-0.000000 0.033247 0.966753 0.463429 0.000000 0.536571 0.272363
-0.000000 0.484539 0.515461 -0.000000 0.032993 0.967007 0.278190
0.347062 0.652938 0.000000 -0.000000 0.981768 0.018232 0.291672
0.845086 0.000000 0.154914 0.870405 0.129595 0.000000 0.305350
0.461701 0.000000 0.538299 0.707872 0.000000 0.292128 0.312309
-0.000000 0.265607 0.734393 -0.000000 0.092167 0.907833 0.325434
-0.000000 0.608655 0.391345 -0.000000 0.469521 0.530479 0.332420
-0.000000 0.937119 0.062881 -0.000000 0.830831 0.169169 0.339713
0.834798 0.165202 0.000000 0.818277 0.181723 0.000000 0.361675
0.895448 0.000000 0.104552 0.884993 0.000000 0.115007 0.369198
0.640437 0.000000 0.359563 0.604480 0.000000 0.395520 0.376574
0.399949 0.000000 0.600051 0.339944 0.000000 0.660056 0.383826
-0.000000 0.233258 0.766742 -0.000000 0.356584 0.643416 0.405901
-0.000000 0.414080 0.585920 -0.000000 0.555488 0.444512 0.413592
-0.000000 0.579623 0.420377 -0.000000 0.737585 0.262415 0.421226
-0.000000 0.864338 0.135662 0.050772 0.949228 0.000000 0.436705
-0.000000 0.983353 0.016647 0.181688 0.818312 0.000000 0.444483
0.175141 0.824859 0.000000 0.392655 0.607345 0.000000 0.459869
0.305244 0.694756 0.000000 0.535769 0.464231 0.000000 0.475283
0.347081 0.652919 0.000000 0.581789 0.418211 0.000000 0.483006
0.373412 0.626588 0.000000 0.610753 0.389247 0.000000 0.490738
0.384225 0.615775 0.000000 0.622647 0.377353 0.000000 0.498474
0.358986 0.641014 0.000000 0.594885 0.405115 0.000000 0.514120
0.322615 0.677385 0.000000 0.554877 0.445123 0.000000 0.522003
0.270547 0.729453 0.000000 0.497602 0.502398 0.000000 0.529819
0.202861 0.797139 0.000000 0.423147 0.576853 0.000000 0.537597
0.020738 0.979262 0.000000 0.222812 0.777188 0.000000 0.553122
-0.000000 0.776271 0.223729 -0.000000 0.953899 0.046101 0.568622
-0.000000 0.630931 0.369069 -0.000000 0.794024 0.205976 0.576276
-0.000000 0.294826 0.705174 -0.000000 0.424309 0.575691 0.591365
-0.000000 0.104011 0.895989 -0.000000 0.214413 0.785587 0.598907
0.101859 0.000000 0.898141 0.012045 0.000000 0.987955 0.606389
0.809435 0.000000 0.190565 0.790379 0.000000 0.209621 0.628643
0.925342 0.074658 0.000000 0.917877 0.082123 0.000000 0.635816
0.645740 0.354260 0.000000 0.610314 0.389686 0.000000 0.642951
0.351665 0.648335 0.000000 0.286831 0.713169 0.000000 0.650148
-0.000000 0.381717 0.618283 -0.000000 0.219889 0.780111 0.671720
-0.000000 0.030411 0.969589 0.166548 0.000000 0.833452 0.678644
0.334695 0.000000 0.665305 0.568165 0.000000 0.431835 0.685455
0.894750 0.105250 0.000000 0.584225 0.415775 0.000000 0.698584
0.489683 0.510317 0.000000 0.138651 0.861349 0.000000 0.705181
-0.000000 0.638065 0.361935 -0.000000 0.201872 0.798128 0.718900
0.264402 0.000000 0.735598 0.790842 0.000000 0.209158 0.731266
0.734136 0.000000 0.265864 0.692450 0.307550 0.000000 0.737222
0.784236 0.215764 0.000000 0.162660 0.837340 0.000000 0.743075
0.289901 0.710099 0.000000 -0.000000 0.618891 0.381109 0.749397
-0.000000 0.264917 0.735083 0.508592 0.000000 0.491408 0.761304
0.264617 0.000000 0.735383 0.908921 0.091079 0.000000 0.766835
0.804849 0.000000 0.195151 0.314666 0.685334 0.000000 0.772055
0.643794 0.356206 0.000000 -0.000000 0.708173 0.291827 0.777546
-0.000000 0.507494 0.492506 0.541756 0.000000 0.458244 0.788626
0.669277 0.000000 0.330723 0.163795 0.836205 0.000000 0.798209
0.727225 0.272775 0.000000 -0.000000 0.499947 0.500053 0.803272
-0.000000 0.491398 0.508602 0.859462 0.000000 0.140538 0.812892
0.139918 0.000000 0.860082 0.446090 0.553910 0.000000 0.816982
0.780463 0.000000 0.219537 -0.000000 0.741491 0.258509 0.821507
-0.000000 0.248162 0.751838 0.572979 0.427021 0.000000 0.833777
0.424946 0.000000 0.575054 -0.000000 0.832559 0.167441 0.837503
0.893799 0.106201 0.000000 -0.000000 0.083179 0.916821 0.841512
0.206676 0.793324 0.000000 0.672656 0.000000 0.327344 0.844332
0.898718 0.000000 0.101282 -0.000000 0.011411 0.988589 0.854953
0.388087 0.611913 0.000000 0.773104 0.000000 0.226896 0.857038
-0.000000 0.668654 0.331346 0.435519 0.564481 0.000000 0.860026
0.788396 0.000000 0.211604 0.167236 0.000000 0.832764 0.865960
0.476474 0.523526 0.000000 0.975878 0.000000 0.024122 0.867667
0.008265 0.000000 0.991735 -0.000000 0.390909 0.609091 0.872758
0.490544 0.509456 0.000000 0.739598 0.260402 0.000000 0.875742
-0.000000 0.735428 0.264572 -0.000000 0.908970 0.091030 0.877215
0.024761 0.000000 0.975239 -0.000000 0.072763 0.927237 0.879840
0.786944 0.000000 0.213056 0.765639 0.000000 0.234361 0.880736
-0.000000 0.683076 0.316924 -0.000000 0.551383 0.448617 0.882569
0.086357 0.000000 0.913643 0.294993 0.000000 0.705007 0.884167
0.856750 0.000000 0.143250 0.857575 0.142425 0.000000 0.884469
0.373087 0.626913 0.000000 0.010395 0.989605 0.000000 0.884147
0.173848 0.000000 0.826152 0.691233 0.000000 0.308767 0.886044
0.279833 0.720167 0.000000 -0.000000 0.607816 0.392184 0.885158
-0.000000 0.505829 0.494171 0.243588 0.000000 0.756412 0.885844
0.961186 0.038814 0.000000 0.057305 0.942695 0.000000 0.884249
0.190691 0.809309 0.000000 -0.000000 0.209760 0.790240 0.883774
-0.000000 0.420936 0.579064 0.636970 0.000000 0.363030 0.883423
0.125303 0.874697 0.000000 0.162167 0.000000 0.837833 0.879641
-0.000000 0.364544 0.635456 0.999002 0.000000 0.000998 0.878596
0.392134 0.000000 0.607866 0.168652 0.831348 0.000000 0.876454
0.853504 0.146496 0.000000 -0.000000 0.338854 0.661146 0.875221
0.384739 0.000000 0.615261 -0.000000 0.876787 0.123213 0.868756
0.877102 0.122898 0.000000 -0.000000 0.064812 0.935188 0.866878
0.145330 0.854670 0.000000 0.740137 0.000000 0.259863 0.863580
0.304211 0.000000 0.695789 -0.000000 0.665368 0.334632 0.858677
0.978951 0.021049 0.000000 0.123154 0.000000 0.876846 0.855984
-0.000000 0.566145 0.433855 0.322760 0.677240 0.000000 0.849077
0.822772 0.000000 0.177228 0.205050 0.000000 0.794950 0.842834
0.494663 0.505337 0.000000 0.955871 0.000000 0.044129 0.838449
-0.000000 0.819897 0.180103 0.301887 0.698113 0.000000 0.834452
-0.000000 0.151123 0.848877 -0.000000 0.566235 0.433765 0.831514
0.838927 0.161073 0.000000 0.877180 0.000000 0.122820 0.822755
0.196895 0.803105 0.000000 0.416584 0.583416 0.000000 0.817855
-0.000000 0.561986 0.438014 -0.000000 0.718184 0.281816 0.814321
0.064390 0.000000 0.935610 -0.000000 0.029171 0.970829 0.810116
0.713717 0.286283 0.000000 0.685089 0.314911 0.000000 0.799580
-0.000000 0.529963 0.470037 -0.000000 0.382959 0.617041 0.790642
0.046813 0.000000 0.953187 0.251495 0.000000 0.748505 0.785088
0.833127 0.166873 0.000000 0.516440 0.483560 0.000000 0.773564
0.289755 0.710245 0.000000 -0.000000 0.918730 0.081270 0.768099
-0.000000 0.755996 0.244004 -0.000000 0.331596 0.668404 0.763342
0.773569 0.000000 0.226431 0.649074 0.350926 0.000000 0.745145
0.741146 0.258854 0.000000 0.115260 0.884740 0.000000 0.738880
0.267323 0.732677 0.000000 -0.000000 0.594055 0.405945 0.733159
-0.000000 0.805656 0.194344 -0.000000 0.086222 0.913778 0.727112
0.501867 0.000000 0.498133 0.647947 0.352053 0.000000 0.707504
0.911382 0.000000 0.088618 0.197480 0.802520 0.000000 0.700857
0.692270 0.307730 0.000000 -0.000000 0.761496 0.238504 0.694267
-0.000000 0.939521 0.060479 0.066527 0.000000 0.933473 0.680903
-0.000000 0.583606 0.416394 0.458033 0.000000 0.541967 0.674048
0.085961 0.000000 0.914039 0.805443 0.194557 0.000000 0.659886
0.698654 0.000000 0.301346 0.131481 0.868519 0.000000 0.645599
0.983654 0.000000 0.016346 -0.000000 0.817980 0.182020 0.638490
0.746014 0.253986 0.000000 -0.000000 0.520616 0.479384 0.631158
0.490385 0.509615 0.000000 -0.000000 0.239424 0.760576 0.623808
0.023457 0.976543 0.000000 0.274198 0.000000 0.725802 0.609015
-0.000000 0.811971 0.188029 0.506832 0.000000 0.493168 0.601729
-0.000000 0.615677 0.384323 0.722755 0.000000 0.277245 0.594133
-0.000000 0.434519 0.565481 0.922029 0.000000 0.077971 0.586563
-0.000000 0.117821 0.882179 0.729603 0.270397 0.000000 0.571346
0.137343 0.000000 0.862657 0.448923 0.551077 0.000000 0.555935
0.241878 0.000000 0.758122 0.333935 0.666065 0.000000 0.548285
0.404864 0.000000 0.595136 0.154650 0.845350 0.000000 0.532945
0.463229 0.000000 0.536771 0.090448 0.909552 0.000000 0.525241
0.506080 0.000000 0.493920 0.043312 0.956688 0.000000 0.517498
0.540931 0.000000 0.459069 0.004976 0.995024 0.000000 0.494116
0.521267 0.000000 0.478733 0.026607 0.973393 0.000000 0.486325
0.485990 0.000000 0.514010 0.065411 0.934589 0.000000 0.478545
0.435103 0.000000 0.564897 0.121386 0.878614 0.000000 0.470766
0.188633 0.000000 0.811367 0.392504 0.607496 0.000000 0.447391
0.075204 0.000000 0.924796 0.517276 0.482724 0.000000 0.439611
-0.000000 0.053787 0.946213 0.659166 0.340834 0.000000 0.431865
-0.000000 0.357621 0.642379 0.993383 0.006617 0.000000 0.416691
-0.000000 0.532234 0.467766 0.814542 0.000000 0.185458 0.409163
-0.000000 0.927157 0.072843 0.380127 0.000000 0.619873 0.394032
0.382383 0.617617 0.000000 -0.000000 0.120621 0.879379 0.379023
0.632566 0.367434 0.000000 -0.000000 0.395822 0.604178 0.371577
0.897366 0.102634 0.000000 -0.000000 0.687102 0.312898 0.364317
0.823371 0.000000 0.176629 -0.000000 0.994292 0.005708 0.357138
0.220650 0.000000 0.779350 0.657285 0.342715 0.000000 0.342425
-0.000000 0.102848 0.897152 0.986867 0.000000 0.013133 0.335189
-0.000000 0.440509 0.559491 0.615440 0.000000 0.384560 0.328152
-0.000000 0.792332 0.207668 0.228435 0.000000 0.771565 0.321109
0.537720 0.462280 0.000000 -0.000000 0.591492 0.408508 0.307318
0.663317 0.000000 0.336683 0.470352 0.529648 0.000000 0.294312
0.243270 0.000000 0.756730 0.932402 0.067598 0.000000 0.287331
-0.000000 0.636945 0.363055 0.099360 0.000000 0.900640 0.273976
0.096904 0.903096 0.000000 -0.000000 0.406595 0.593405 0.267470
0.569028 0.430972 0.000000 -0.000000 0.925930 0.074070 0.261446
-0.000000 0.058056 0.941944 0.436138 0.000000 0.563862 0.243550
-0.000000 0.579777 0.420223 -0.000000 0.137754 0.862246 0.236959
0.113150 0.886850 0.000000 -0.000000 0.724465 0.275535 0.231130
0.657174 0.342826 0.000000 0.322891 0.677109 0.000000 0.225893
-0.000000 0.355693 0.644307 -0.000000 0.191262 0.808738 0.209268
-0.000000 0.944629 0.055371 -0.000000 0.839092 0.160908 0.203693
0.542762 0.457238 0.000000 0.497038 0.502962 0.000000 0.199180
0.231568 0.000000 0.768432 0.154725 0.000000 0.845275 0.189810
-0.000000 0.397392 0.602608 -0.000000 0.537131 0.462869 0.184054
0.681540 0.318460 0.000000 0.949694 0.050306 0.000000 0.175631
0.000055 0.000000 0.999945 -0.000000 0.399940 0.600060 0.166876
-0.000000 0.673568 0.326432 0.140924 0.859076 0.000000 0.162030
0.354069 0.645931 0.000000 0.889476 0.110524 0.000000 0.158681
0.958350 0.000000 0.041650 0.354185 0.000000 0.645815 0.155353
-0.000000 0.441094 0.558906 0.185203 0.814797 0.000000 0.147237
0.151401 0.848599 0.000000 0.966541 0.033459 0.000000 0.144100
0.867140 0.132860 0.000000 0.246146 0.000000 0.753854 0.141571
0.409684 0.000000 0.590316 -0.000000 0.549347 0.450653 0.137941
0.055610 0.944390 0.000000 0.838829 0.000000 0.161171 0.131832
0.457854 0.000000 0.542146 -0.000000 0.796361 0.203639 0.126528
-0.000000 0.293282 0.706718 0.622611 0.377389 0.000000 0.124280
0.808619 0.191381 0.000000 -0.000000 0.289481 0.710519 0.120227
0.426933 0.000000 0.573067 0.130374 0.869626 0.000000 0.117891
-0.000000 0.340984 0.659016 0.975083 0.024917 0.000000 0.116244
0.335969 0.000000 0.664031 0.530434 0.469566 0.000000 0.111759
-0.000000 0.443880 0.556120 0.611732 0.000000 0.388268 0.110641
0.225842 0.774158 0.000000 -0.000000 0.248427 0.751573 0.109601
0.989348 0.000000 0.010652 0.111717 0.888283 0.000000 0.108214
0.371396 0.628604 0.000000 -0.000000 0.708535 0.291465 0.106458
0.839340 0.000000 0.160660 0.576725 0.423275 0.000000 0.106319
0.050650 0.000000 0.949350 0.555715 0.000000 0.444285 0.106825
0.528241 0.471759 0.000000 0.181065 0.818935 0.000000 0.106281
0.683178 0.000000 0.316822 0.951496 0.000000 0.048504 0.107032
-0.000000 0.890941 0.109059 -0.000000 0.780035 0.219965 0.107676
0.540661 0.000000 0.459339 0.494728 0.000000 0.505272 0.110195
-0.000000 0.240146 0.759854 -0.000000 0.364160 0.635840 0.111342
0.019742 0.980258 0.000000 0.221717 0.778283 0.000000 0.111842
0.795724 0.204276 0.000000 0.924704 0.000000 0.075296 0.113798
-0.000000 0.338136 0.661864 -0.000000 0.771949 0.228051 0.116838
0.104871 0.895129 0.000000 0.615358 0.384642 0.000000 0.118558
0.866753 0.133247 0.000000 0.546572 0.000000 0.453428 0.121188
0.375802 0.000000 0.624198 -0.000000 0.286618 0.713382 0.123544
0.127180 0.872820 0.000000 0.939898 0.060102 0.000000 0.127745
0.392036 0.000000 0.607964 -0.000000 0.568760 0.431240 0.133418
-0.000000 0.340816 0.659184 0.374898 0.625102 0.000000 0.136033
0.786642 0.213358 0.000000 0.034694 0.000000 0.965306 0.143069
0.499459 0.000000 0.500541 -0.000000 0.750596 0.249404 0.145767
-0.000000 0.207188 0.792812 0.527907 0.472093 0.000000 0.149398
0.716826 0.000000 0.283174 -0.000000 0.811492 0.188508 0.160430
0.040670 0.000000 0.959330 0.555263 0.444737 0.000000 0.164893
-0.000000 0.627809 0.372191 0.709410 0.000000 0.290590 0.168805
0.286893 0.713107 0.000000 -0.000000 0.015582 0.984418 0.173536
-0.000000 0.211702 0.788298 0.867127 0.000000 0.132873 0.187103
-0.000000 0.834262 0.165738 0.182312 0.000000 0.817688 0.192009
0.447697 0.552303 0.000000 -0.000000 0.492466 0.507534 0.196565
0.357120 0.000000 0.642880 0.807168 0.192832 0.000000 0.207443
-0.000000 0.224880 0.775120 0.552632 0.000000 0.447368 0.212517
0.357826 0.642174 0.000000 -0.000000 0.693609 0.306391 0.222902
0.555644 0.000000 0.444356 0.888791 0.111209 0.000000 0.235018
0.029820 0.000000 0.970180 0.532802 0.000000 0.467198 0.240808
-0.000000 0.485327 0.514673 -0.000000 0.033860 0.966140 0.246121
-0.000000 0.988589 0.011411 -0.000000 0.587448 0.412552 0.252020
0.956140 0.043860 0.000000 0.651755 0.348245 0.000000 0.265027
0.579288 0.000000 0.420712 0.837217 0.000000 0.162783 0.271582
0.127042 0.000000 0.872958 0.339746 0.000000 0.660254 0.277768
-0.000000 0.313310 0.686690 -0.000000 0.144641 0.855359 0.283680
0.153988 0.846012 0.000000 0.069386 0.930614 0.000000 0.297147
0.939214 0.060786 0.000000 0.933135 0.066865 0.000000 0.311024
0.689244 0.000000 0.310756 0.658169 0.000000 0.341831 0.318246
-0.000000 0.013965 0.986035 -0.000000 0.115362 0.884638 0.331539
-0.000000 0.345410 0.654590 -0.000000 0.479951 0.520049 0.338242
-0.000000 0.662000 0.338000 -0.000000 0.828200 0.171800 0.345660
0.523427 0.476573 0.000000 0.775770 0.224230 0.000000 0.367756
0.781037 0.218963 0.000000 0.940859 0.000000 0.059141 0.375263
0.976433 0.000000 0.023567 0.674077 0.000000 0.325923 0.382813
0.748830 0.000000 0.251170 0.423713 0.000000 0.576287 0.390274
0.154779 0.000000 0.845221 -0.000000 0.229743 0.770257 0.412457
-0.000000 0.013242 0.986758 -0.000000 0.414567 0.585433 0.420002
-0.000000 0.166161 0.833839 -0.000000 0.582777 0.417223 0.427542
-0.000000 0.425455 0.574545 -0.000000 0.868000 0.132000 0.443032
-0.000000 0.531768 0.468232 -0.000000 0.984945 0.015055 0.450819
-0.000000 0.697584 0.302416 0.167343 0.832657 0.000000 0.466370
-0.000000 0.801377 0.198623 0.281515 0.718485 0.000000 0.481851
-0.000000 0.830035 0.169965 0.313039 0.686961 0.000000 0.489572
-0.000000 0.843242 0.156758 0.327566 0.672434 0.000000 0.497275
-0.000000 0.841025 0.158975 0.325127 0.674873 0.000000 0.504964
-0.000000 0.789244 0.210756 0.268168 0.731832 0.000000 0.520742
-0.000000 0.739635 0.260365 0.213598 0.786402 0.000000 0.528603
-0.000000 0.674309 0.325691 0.141740 0.858260 0.000000 0.536432
-0.000000 0.593330 0.406670 0.052663 0.947337 0.000000 0.544228
-0.000000 0.384739 0.615261 -0.000000 0.823213 0.176787 0.559682
-0.000000 0.114831 0.885169 -0.000000 0.526314 0.473686 0.574923
0.043080 0.000000 0.956920 -0.000000 0.352612 0.647388 0.582535
0.404702 0.000000 0.595298 0.045173 0.000000 0.954827 0.597712
0.608219 0.000000 0.391781 0.269041 0.000000 0.730959 0.605195
0.826821 0.000000 0.173179 0.509503 0.000000 0.490497 0.612679
0.428950 0.571050 0.000000 0.671845 0.328155 0.000000 0.634574
0.151543 0.848457 0.000000 0.366697 0.633303 0.000000 0.641883
-0.000000 0.859221 0.140779 0.045143 0.954857 0.000000 0.649314
-0.000000 0.552028 0.447972 -0.000000 0.707231 0.292769 0.656726
0.452687 0.000000 0.547313 0.397955 0.000000 0.602045 0.677350
0.815484 0.000000 0.184516 0.797032 0.000000 0.202968 0.684266
0.808419 0.191581 0.000000 0.789260 0.210740 0.000000 0.690826
0.015214 0.984786 0.000000 -0.000000 0.916735 0.083265 0.704493
-0.000000 0.597303 0.402697 -0.000000 0.457033 0.542967 0.711643
0.275420 0.000000 0.724580 0.502962 0.000000 0.497038 0.723898
0.802150 0.197850 0.000000 0.482365 0.517635 0.000000 0.735877
0.322366 0.677634 0.000000 -0.000000 0.954603 0.045397 0.742175
-0.000000 0.829100 0.170900 -0.000000 0.412010 0.587990 0.748919
-0.000000 0.324125 0.675875 0.143463 0.000000 0.856537 0.754764
0.719508 0.000000 0.280492 0.708541 0.291459 0.000000 0.765743
0.742366 0.257634 0.000000 0.116603 0.883397 0.000000 0.770987
0.192298 0.807702 0.000000 -0.000000 0.511528 0.488472 0.776934
-0.000000 0.630820 0.369180 0.106098 0.000000 0.893902 0.782645
0.522584 0.000000 0.477416 0.625158 0.374842 0.000000 0.792547
0.284061 0.715939 0.000000 -0.000000 0.312467 0.687533 0.802488
-0.000000 0.672226 0.327774 0.360551 0.000000 0.639449 0.807448
0.578650 0.000000 0.421350 0.263485 0.736515 0.000000 0.816139
0.782271 0.217729 0.000000 -0.000000 0.560498 0.439502 0.820767
0.134792 0.865208 0.000000 0.151729 0.000000 0.848271 0.824932
0.857548 0.000000 0.142452 -0.000000 0.656698 0.343302 0.836964
0.463249 0.536751 0.000000 0.090426 0.000000 0.909574 0.840477
-0.000000 0.776673 0.223327 0.845660 0.000000 0.154340 0.844077
-0.000000 0.083021 0.916979 0.391323 0.608677 0.000000 0.847531
-0.000000 0.962254 0.037746 0.941520 0.000000 0.058480 0.856801
-0.000000 0.243405 0.756595 0.267745 0.732255 0.000000 0.859788
0.481695 0.000000 0.518305 -0.000000 0.470135 0.529865 0.862906
0.053944 0.946056 0.000000 0.859339 0.140661 0.000000 0.867200
-0.000000 0.314616 0.685384 0.046078 0.953922 0.000000 0.869699
0.821487 0.178513 0.000000 0.596365 0.000000 0.403635 0.874052
-0.000000 0.315106 0.684894 -0.000000 0.746617 0.253383 0.877430
0.444261 0.000000 0.555739 0.088687 0.000000 0.911313 0.879461
0.794274 0.205726 0.000000 0.926299 0.000000 0.073701 0.880323
0.031568 0.968432 0.000000 0.234725 0.765275 0.000000 0.880751
0.504500 0.000000 0.495500 0.454950 0.000000 0.545050 0.883944
0.725643 0.274357 0.000000 0.698207 0.301793 0.000000 0.884141
-0.000000 0.955490 0.044510 -0.000000 0.851039 0.148961 0.884166
-0.000000 0.182124 0.817876 -0.000000 0.000337 0.999663 0.885871
0.636076 0.363924 0.000000 0.299683 0.700317 0.000000 0.885246
-0.000000 0.088406 0.911594 0.402753 0.000000 0.597247 0.886102
0.684829 0.000000 0.315171 0.746688 0.253312 0.000000 0.885361
-0.000000 0.772674 0.227326 -0.000000 0.049941 0.950059 0.884192
-0.000000 0.002652 0.997348 0.797083 0.000000 0.202917 0.883594
0.764838 0.000000 0.235162 0.358679 0.641321 0.000000 0.882141
0.054821 0.000000 0.945179 0.839697 0.160303 0.000000 0.878843
0.812102 0.000000 0.187898 0.006687 0.993313 0.000000 0.876738
0.433279 0.566721 0.000000 -0.000000 0.176607 0.823393 0.875345
-0.000000 0.682499 0.317501 0.649251 0.000000 0.350749 0.873409
0.454632 0.545368 0.000000 0.099905 0.000000 0.900095 0.866886
-0.000000 0.721371 0.278629 0.906492 0.000000 0.093508 0.864345
0.006633 0.000000 0.993367 0.292703 0.707297 0.000000 0.861645
0.553057 0.446943 0.000000 0.291637 0.000000 0.708363 0.856085
-0.000000 0.842177 0.157823 0.926395 0.073605 0.000000 0.852864
0.561580 0.000000 0.438420 -0.000000 0.382262 0.617738 0.846963
0.062914 0.937086 0.000000 0.869206 0.130794 0.000000 0.839090
-0.000000 0.386074 0.613926 0.124682 0.875318 0.000000 0.835544
0.284085 0.000000 0.715915 -0.000000 0.387507 0.612493 0.832245
0.945608 0.000000 0.054392 0.340169 0.000000 0.659831 0.827864
-0.000000 0.758503 0.241497 0.234353 0.765647 0.000000 0.818761
-0.000000 0.121768 0.878232 -0.000000 0.533944 0.466056 0.815302
0.505634 0.000000 0.494366 0.156198 0.000000 0.843802 0.810634
0.877023 0.122977 0.000000 0.835275 0.000000 0.164725 0.805452
-0.000000 0.671724 0.328276 -0.000000 0.838896 0.161104 0.795875
0.495728 0.000000 0.504272 0.445301 0.000000 0.554699 0.785742
0.937076 0.062924 0.000000 0.930783 0.069217 0.000000 0.780124
-0.000000 0.835504 0.164496 -0.000000 0.719054 0.280946 0.769526
-0.000000 0.299844 0.700156 -0.000000 0.129828 0.870172 0.764349
0.223562 0.000000 0.776438 0.445918 0.000000 0.554082 0.758186
0.278408 0.721592 0.000000 -0.000000 0.906249 0.093751 0.740004
-0.000000 0.801870 0.198130 -0.000000 0.382057 0.617943 0.734570
-0.000000 0.338058 0.661942 0.128136 0.000000 0.871864 0.728224
0.112740 0.000000 0.887260 0.624014 0.000000 0.375986 0.721663
0.613593 0.386407 0.000000 -0.000000 0.974952 0.025048 0.701737
0.214619 0.785381 0.000000 -0.000000 0.536081 0.463919 0.695605
-0.000000 0.829162 0.170838 -0.000000 0.112079 0.887921 0.688870
-0.000000 0.099249 0.900751 0.690827 0.000000 0.309173 0.675131
0.244902 0.000000 0.755098 0.930608 0.069392 0.000000 0.668119
0.890459 0.000000 0.109541 0.220496 0.779504 0.000000 0.653802
0.520936 0.479064 0.000000 -0.000000 0.573030 0.426970 0.639602
0.248381 0.751619 0.000000 -0.000000 0.273219 0.726781 0.632287
-0.000000 0.990291 0.009709 0.010680 0.000000 0.989320 0.625057
-0.000000 0.746818 0.253182 0.278500 0.000000 0.721500 0.617743
-0.000000 0.304497 0.695503 0.765053 0.000000 0.234947 0.602840
-0.000000 0.105809 0.894191 0.983610 0.000000 0.016390 0.595324
0.077776 0.000000 0.922224 0.814447 0.185553 0.000000 0.587769
0.246138 0.000000 0.753862 0.629248 0.370752 0.000000 0.580159
0.537116 0.000000 0.462884 0.309172 0.690828 0.000000 0.564909
0.766791 0.000000 0.233209 0.056529 0.943471 0.000000 0.549589
0.858592 0.000000 0.141408 -0.000000 0.955549 0.044451 0.541923
0.995634 0.000000 0.004366 -0.000000 0.804802 0.195198 0.526422
0.959165 0.040835 0.000000 -0.000000 0.755081 0.244919 0.518673
0.929570 0.070430 0.000000 -0.000000 0.722527 0.277473 0.510886
0.934761 0.065239 0.000000 -0.000000 0.728237 0.271763 0.487466
0.967673 0.032327 0.000000 -0.000000 0.764440 0.235560 0.479721
0.983896 0.000000 0.016104 -0.000000 0.817714 0.182286 0.471989
0.919980 0.000000 0.080020 -0.000000 0.888023 0.111977 0.464274
0.635215 0.000000 0.364785 0.201264 0.798736 0.000000 0.441079
0.509091 0.000000 0.490909 0.340000 0.660000 0.000000 0.433297
0.367413 0.000000 0.632587 0.495846 0.504154 0.000000 0.425555
0.037777 0.000000 0.962223 0.858445 0.141555 0.000000 0.410225
-0.000000 0.149995 0.850005 0.935005 0.000000 0.064995 0.402624
-0.000000 0.570650 0.429350 0.472285 0.000000 0.527715 0.387638
0.051429 0.948571 0.000000 -0.000000 0.056572 0.943428 0.372720
0.314114 0.685886 0.000000 -0.000000 0.345525 0.654475 0.365352
0.591529 0.408471 0.000000 -0.000000 0.650682 0.349318 0.358037
0.883380 0.116620 0.000000 -0.000000 0.971718 0.028282 0.350879
0.490060 0.000000 0.509940 0.660933 0.339067 0.000000 0.336585
0.154887 0.000000 0.845113 0.970376 0.000000 0.029624 0.329411
-0.000000 0.194578 0.805422 0.585964 0.000000 0.414036 0.322308
-0.000000 0.558401 0.441599 0.185759 0.000000 0.814241 0.315158
0.327341 0.672659 0.000000 -0.000000 0.660075 0.339925 0.301547
0.850596 0.000000 0.149404 0.564344 0.435656 0.000000 0.288587
0.419778 0.000000 0.580222 0.961756 0.000000 0.038244 0.282010
-0.000000 0.482283 0.517717 -0.000000 0.030512 0.969488 0.268464
-0.000000 0.953122 0.046878 -0.000000 0.548435 0.451565 0.262069
0.435705 0.564295 0.000000 0.079276 0.920724 0.000000 0.256257
0.044605 0.000000 0.955395 0.249066 0.000000 0.750934 0.238544
-0.000000 0.487225 0.512775 -0.000000 0.335947 0.664053 0.231953
0.030201 0.969799 0.000000 -0.000000 0.933221 0.066779 0.226374
0.583397 0.416603 0.000000 0.541736 0.458264 0.000000 0.221370
-0.000000 0.309618 0.690382 -0.000000 0.440579 0.559421 0.204709
-0.000000 0.907133 0.092867 0.097846 0.902154 0.000000 0.199455
0.513645 0.486355 0.000000 0.765009 0.234991 0.000000 0.195071
0.244141 0.000000 0.755859 -0.000000 0.131445 0.868555 0.185612
-0.000000 0.392919 0.607081 -0.000000 0.832211 0.167789 0.180039
0.691990 0.308010 0.000000 0.738811 0.000000 0.261189 0.172019
-0.000000 0.025543 0.974457 -0.000000 0.728098 0.271902 0.163124
-0.000000 0.705582 0.294418 0.476140 0.523860 0.000000 0.158888
0.392435 0.607565 0.000000 0.768322 0.000000 0.231678 0.155612
0.913525 0.000000 0.086475 0.004878 0.000000 0.995122 0.152188
-0.000000 0.498347 0.501653 0.548182 0.451818 0.000000 0.144475
0.214038 0.785962 0.000000 0.664558 0.000000 0.335442 0.141516
0.935688 0.064312 0.000000 -0.000000 0.129256 0.870744 0.138679
0.335800 0.000000 0.664200 -0.000000 0.930620 0.069380 0.135300
0.138181 0.861819 0.000000 0.448001 0.000000 0.551999 0.129896
0.366465 0.000000 0.633535 0.196889 0.803111 0.000000 0.124686
-0.000000 0.388562 0.611438 0.972581 0.000000 0.027419 0.122437
0.911216 0.088784 0.000000 -0.000000 0.702337 0.297663 0.118087
0.321598 0.000000 0.678402 0.546243 0.453757 0.000000 0.116589
-0.000000 0.449183 0.550817 0.605899 0.000000 0.394101 0.114920
0.220284 0.000000 0.779716 0.957687 0.042313 0.000000 0.111013
-0.000000 0.560935 0.439065 0.182972 0.000000 0.817028 0.110038
0.345261 0.654739 0.000000 -0.000000 0.679787 0.320213 0.108437
0.868834 0.000000 0.131166 0.544283 0.455717 0.000000 0.107742
0.494998 0.505002 0.000000 0.144497 0.855503 0.000000 0.106122
0.715672 0.000000 0.284328 0.987240 0.000000 0.012760 0.106409
-0.000000 0.072580 0.927420 0.120162 0.000000 0.879838 0.107125
0.651393 0.348607 0.000000 0.616532 0.383468 0.000000 0.106737
0.561092 0.000000 0.438908 0.517201 0.000000 0.482799 0.107698
0.011289 0.988711 0.000000 0.212418 0.787582 0.000000 0.108337
0.424427 0.000000 0.575573 0.066870 0.000000 0.933130 0.111426
-0.000000 0.355304 0.644696 -0.000000 0.790835 0.209165 0.111875
0.132435 0.867565 0.000000 0.645678 0.354322 0.000000 0.113137
0.905698 0.094302 0.000000 0.503732 0.000000 0.496268 0.115283
-0.000000 0.442812 0.557188 0.187093 0.812907 0.000000 0.118317
0.206013 0.793987 0.000000 0.973385 0.000000 0.026615 0.120425
0.963814 0.036186 0.000000 0.139805 0.000000 0.860195 0.123317
0.281892 0.000000 0.718108 -0.000000 0.689918 0.310082 0.125130
0.212389 0.787611 0.000000 0.666372 0.000000 0.333628 0.130140
0.315584 0.000000 0.684416 -0.000000 0.952857 0.047143 0.135738
-0.000000 0.412006 0.587994 0.753207 0.246793 0.000000 0.138731
0.847285 0.152715 0.000000 -0.000000 0.332013 0.667987 0.145498
0.444870 0.000000 0.555130 0.110643 0.889357 0.000000 0.148814
-0.000000 0.255656 0.744344 0.881221 0.118779 0.000000 0.152540
0.688213 0.000000 0.311787 0.142966 0.857034 0.000000 0.163994
0.019086 0.000000 0.980914 0.879005 0.120995 0.000000 0.168482
-0.000000 0.641856 0.358144 0.393959 0.000000 0.606041 0.172633
0.294234 0.705766 0.000000 -0.000000 0.323658 0.676342 0.176905
-0.000000 0.195006 0.804994 0.585493 0.000000 0.414507 0.191277
-0.000000 0.809864 0.190136 -0.000000 0.090851 0.909149 0.195886
0.415148 0.584852 0.000000 -0.000000 0.756663 0.243337 0.200650
0.407371 0.000000 0.592629 0.948108 0.000000 0.051892 0.211917
-0.000000 0.165398 0.834602 0.318062 0.000000 0.681938 0.217173
0.280129 0.719871 0.000000 -0.000000 0.908142 0.091858 0.227672
0.652728 0.000000 0.347272 0.918001 0.000000 0.081999 0.239869
0.136900 0.000000 0.863100 0.350590 0.000000 0.649410 0.245839
-0.000000 0.368304 0.631696 -0.000000 0.205134 0.794866 0.251114
-0.000000 0.861343 0.138657 -0.000000 0.747477 0.252523 0.257150
0.808143 0.191857 0.000000 0.788957 0.211043 0.000000 0.270299
0.738039 0.000000 0.261961 0.711843 0.000000 0.288157 0.276984
0.296772 0.000000 0.703228 0.226449 0.000000 0.773551 0.283279
-0.000000 0.132419 0.867581 -0.000000 0.245661 0.754339 0.289282
-0.000000 0.951032 0.048968 0.146136 0.853864 0.000000 0.302716
0.713545 0.286455 0.000000 0.984900 0.015100 0.000000 0.316750
0.926415 0.000000 0.073585 0.619057 0.000000 0.380943 0.324006
0.247489 0.000000 0.752511 -0.000000 0.127762 0.872238 0.337657
-0.000000 0.071522 0.928478 -0.000000 0.478675 0.521325 0.344481
-0.000000 0.376341 0.623659 -0.000000 0.813976 0.186024 0.351564
0.201391 0.798609 0.000000 0.721530 0.278470 0.000000 0.373951
0.446673 0.553327 0.000000 0.991340 0.008660 0.000000 0.381415
0.676868 0.323132 0.000000 0.755446 0.000000 0.244554 0.388971
0.892063 0.107937 0.000000 0.518731 0.000000 0.481269 0.396474
0.553019 0.000000 0.446981 -0.000000 0.091679 0.908321 0.419050
0.398217 0.000000 0.601783 -0.000000 0.261962 0.738038 0.426622
0.258668 0.000000 0.741332 -0.000000 0.415465 0.584535 0.434233
0.025346 0.000000 0.974654 -0.000000 0.672119 0.327881 0.449474
-0.000000 0.068277 0.931723 -0.000000 0.775105 0.224895 0.457157
-0.000000 0.208495 0.791505 -0.000000 0.929344 0.070656 0.472818
-0.000000 0.285878 0.714122 0.014466 0.985534 0.000000 0.488483
-0.000000 0.301146 0.698854 0.031260 0.968740 0.000000 0.496253
-0.000000 0.300902 0.699098 0.030992 0.969008 0.000000 0.503986
-0.000000 0.285072 0.714928 0.013579 0.986421 0.000000 0.511763
-0.000000 0.206440 0.793560 -0.000000 0.927084 0.072916 0.527363
-0.000000 0.143740 0.856260 -0.000000 0.858114 0.141886 0.535124
-0.000000 0.065484 0.934516 -0.000000 0.772033 0.227967 0.542875
0.028280 0.000000 0.971720 -0.000000 0.668892 0.331108 0.550598
0.262301 0.000000 0.737699 -0.000000 0.411468 0.588532 0.566033
0.558026 0.000000 0.441974 -0.000000 0.086171 0.913829 0.581334
0.728762 0.000000 0.271238 0.101639 0.000000 0.898361 0.588893
0.884247 0.115753 0.000000 0.527328 0.000000 0.472672 0.603957
0.668237 0.331763 0.000000 0.764939 0.000000 0.235061 0.611376
0.437449 0.562551 0.000000 0.981194 0.018806 0.000000 0.618716
-0.000000 0.656034 0.343966 0.121637 0.878363 0.000000 0.640922
-0.000000 0.365876 0.634124 -0.000000 0.802464 0.197536 0.648272
-0.000000 0.061345 0.938655 -0.000000 0.467480 0.532520 0.655424
0.257278 0.000000 0.742722 -0.000000 0.116994 0.883006 0.662416
0.703302 0.296698 0.000000 0.973633 0.026367 0.000000 0.682918
0.329575 0.670425 0.000000 0.562533 0.437467 0.000000 0.689647
-0.000000 0.941791 0.058209 0.135970 0.864030 0.000000 0.696649
-0.000000 0.124464 0.875536 -0.000000 0.236910 0.763090 0.710276
0.303480 0.000000 0.696520 0.233828 0.000000 0.766172 0.716630
0.802971 0.197029 0.000000 0.783268 0.216732 0.000000 0.728850
-0.000000 0.859178 0.140822 -0.000000 0.745096 0.254904 0.741636
-0.000000 0.367786 0.632214 -0.000000 0.204564 0.795436 0.748040
0.134876 0.000000 0.865124 0.348363 0.000000 0.651637 0.753620
0.649121 0.000000 0.350879 0.914033 0.000000 0.085967 0.759270
0.289425 0.710575 0.000000 -0.000000 0.918368 0.081632 0.770183
-0.000000 0.740287 0.259713 -0.000000 0.314315 0.685685 0.776528
-0.000000 0.180634 0.819366 0.301302 0.000000 0.698698 0.781776
0.389278 0.000000 0.610722 0.928206 0.000000 0.071794 0.786781
0.441558 0.558442 0.000000 -0.000000 0.785714 0.214286 0.796378
-0.000000 0.230060 0.769940 0.546934 0.000000 0.453066 0.806854
0.389418 0.000000 0.610582 0.771640 0.228360 0.000000 0.811172
0.345234 0.654766 0.000000 -0.000000 0.379758 0.620242 0.819891
-0.000000 0.698577 0.301423 0.331565 0.000000 0.668435 0.824568
-0.000000 0.043445 0.956555 0.947790 0.052210 0.000000 0.828723
0.031985 0.968015 0.000000 0.264816 0.000000 0.735184 0.839978
-0.000000 0.345723 0.654277 0.980295 0.019705 0.000000 0.843953
0.346345 0.000000 0.653655 0.219021 0.780979 0.000000 0.846754
0.953834 0.046166 0.000000 -0.000000 0.449218 0.550782 0.850548
0.181702 0.000000 0.818298 0.100128 0.899872 0.000000 0.859272
0.906199 0.000000 0.093801 -0.000000 0.303181 0.696819 0.862598
0.365287 0.634713 0.000000 0.498185 0.000000 0.501815 0.864506
0.107447 0.000000 0.892553 -0.000000 0.881808 0.118192 0.869438
0.851551 0.000000 0.148449 -0.000000 0.063294 0.936706 0.872114
-0.000000 0.650830 0.349170 0.415913 0.584087 0.000000 0.875181
0.862992 0.000000 0.137008 0.249292 0.000000 0.750708 0.879110
0.376605 0.623395 0.000000 0.914266 0.085734 0.000000 0.879750
-0.000000 0.613805 0.386195 0.075186 0.924814 0.000000 0.880845
0.153160 0.000000 0.846840 -0.000000 0.231524 0.768476 0.883002
0.309489 0.690511 0.000000 0.540438 0.459562 0.000000 0.883626
-0.000000 0.538573 0.461427 -0.000000 0.692430 0.307570 0.884615
0.234574 0.000000 0.765426 0.158032 0.000000 0.841968 0.885811
0.992204 0.007796 0.000000 0.991424 0.008576 0.000000 0.885670
-0.000000 0.446267 0.553733 -0.000000 0.290894 0.709106 0.886019
0.899036 0.100964 0.000000 0.588940 0.411060 0.000000 0.885231
0.127823 0.872177 0.000000 -0.000000 0.740605 0.259395 0.884172
0.414610 0.000000 0.585390 0.956071 0.000000 0.043929 0.883721
0.817971 0.182029 0.000000 0.199768 0.800232 0.000000 0.882062
0.052241 0.947759 0.000000 -0.000000 0.357465 0.642535 0.881175
0.768624 0.231376 0.000000 -0.000000 0.845486 0.154514 0.876915
0.013679 0.986321 0.000000 -0.000000 0.015047 0.984953 0.875540
-0.000000 0.261639 0.738361 0.812197 0.000000 0.187803 0.874081
0.485675 0.000000 0.514325 0.365757 0.634243 0.000000 0.871585
-0.000000 0.297420 0.702580 0.927162 0.072838 0.000000 0.865171
0.431224 0.000000 0.568776 0.125654 0.874346 0.000000 0.861980
0.844459 0.155541 0.000000 -0.000000 0.328905 0.671095 0.859748
-0.000000 0.414346 0.585654 0.755781 0.244219 0.000000 0.853708
0.291254 0.000000 0.708746 -0.000000 0.979621 0.020379 0.850211
0.316869 0.683131 0.000000 0.551444 0.000000 0.448556 0.843125
0.046808 0.000000 0.953192 -0.000000 0.948511 0.051489 0.836245
0.718301 0.000000 0.281699 -0.000000 0.209869 0.790131 0.832914
0.619451 0.380549 0.000000 0.518604 0.000000 0.481396 0.828188
-0.000000 0.965529 0.034471 0.762082 0.237918 0.000000 0.823898
0.318625 0.000000 0.681375 -0.000000 0.349513 0.650487 0.816048
0.946942 0.000000 0.053058 0.341637 0.000000 0.658363 0.811056
0.434955 0.565045 0.000000 0.978451 0.021549 0.000000 0.805798
-0.000000 0.826215 0.173785 0.308837 0.691163 0.000000 0.801053
0.364963 0.000000 0.635037 0.001460 0.000000 0.998540 0.792006
0.487444 0.512556 0.000000 0.736188 0.263812 0.000000 0.780600
-0.000000 0.929461 0.070539 0.122407 0.877593 0.000000 0.775459
0.156261 0.000000 0.843739 0.071887 0.000000 0.928113 0.764996
0.681250 0.000000 0.318750 0.649375 0.000000 0.350625 0.758937
0.805796 0.194204 0.000000 0.786375 0.213625 0.000000 0.752792
-0.000000 0.336332 0.663668 -0.000000 0.169965 0.830035 0.735550
0.129075 0.000000 0.870925 0.341983 0.000000 0.658017 0.729028
0.581866 0.000000 0.418134 0.840052 0.000000 0.159948 0.722623
0.978564 0.021436 0.000000 0.676420 0.323580 0.000000 0.715924
-0.000000 0.736726 0.263274 -0.000000 0.310398 0.689602 0.696829
-0.000000 0.349226 0.650774 0.115852 0.000000 0.884148 0.689916
0.024528 0.000000 0.975472 0.526981 0.000000 0.473019 0.683004
0.730772 0.000000 0.269228 0.696150 0.303850 0.000000 0.669065
0.937280 0.062720 0.000000 0.331008 0.668992 0.000000 0.661966
0.315195 0.684805 0.000000 -0.000000 0.646714 0.353286 0.648100
-0.000000 0.750407 0.249593 -0.000000 0.025448 0.974552 0.633659
-0.000000 0.490154 0.509846 0.260831 0.000000 0.739169 0.626150
-0.000000 0.244390 0.755610 0.531171 0.000000 0.468829 0.618888
-0.000000 0.013374 0.986626 0.785288 0.000000 0.214712 0.611496
0.403746 0.000000 0.596254 0.755879 0.244121 0.000000 0.596500
0.589649 0.000000 0.410351 0.551386 0.448614 0.000000 0.588913
0.760342 0.000000 0.239658 0.363624 0.636376 0.000000 0.581313
0.915848 0.000000 0.084152 0.192567 0.807433 0.000000 0.573729
0.818605 0.181395 0.000000 -0.000000 0.900466 0.099534 0.558594
0.614941 0.385059 0.000000 -0.000000 0.676435 0.323565 0.543041
0.536493 0.463507 0.000000 -0.000000 0.590143 0.409857 0.535263
0.426299 0.573701 0.000000 -0.000000 0.468929 0.531071 0.519731
0.394524 0.605476 0.000000 -0.000000 0.433977 0.566023 0.511977
0.378309 0.621691 0.000000 -0.000000 0.416139 0.583861 0.504215
0.423170 0.576830 0.000000 -0.000000 0.465487 0.534513 0.480928
0.469245 0.530755 0.000000 -0.000000 0.516169 0.483831 0.473158
0.530893 0.469107 0.000000 -0.000000 0.583983 0.416017 0.465398
0.608065 0.391935 0.000000 -0.000000 0.668872 0.331128 0.457665
0.931940 0.068060 0.000000 0.025134 0.974866 0.000000 0.434716
0.929528 0.000000 0.070472 0.177519 0.822481 0.000000 0.427122
0.775378 0.000000 0.224622 0.347085 0.652915 0.000000 0.419353
0.420706 0.000000 0.579294 0.737223 0.262777 0.000000 0.404011
0.220507 0.000000 0.779493 0.957442 0.042558 0.000000 0.396455
-0.000000 0.225508 0.774492 0.551941 0.000000 0.448059 0.381282
-0.000000 0.731467 0.268533 -0.000000 0.004614 0.995386 0.366462
0.006819 0.993181 0.000000 -0.000000 0.307501 0.692499 0.359048
0.296405 0.703595 0.000000 -0.000000 0.626045 0.373955 0.351976
0.600647 0.399353 0.000000 -0.000000 0.960712 0.039288 0.344711
0.748688 0.000000 0.251312 0.676443 0.323557 0.000000 0.330755
0.401921 0.000000 0.598079 0.942114 0.000000 0.057886 0.323673
0.041008 0.000000 0.958992 0.545108 0.000000 0.454892 0.316645
-0.000000 0.334642 0.665358 0.131894 0.000000 0.868106 0.309301
0.126977 0.873023 0.000000 -0.000000 0.739675 0.260325 0.295745
0.971676 0.028324 0.000000 0.668844 0.331156 0.000000 0.282922
0.586792 0.000000 0.413208 0.845471 0.000000 0.154529 0.276714
-0.000000 0.336681 0.663319 -0.000000 0.170349 0.829651 0.263216
-0.000000 0.818084 0.181916 -0.000000 0.699893 0.300107 0.256834
0.311152 0.688848 0.000000 0.242267 0.757733 0.000000 0.251062
0.138913 0.000000 0.861087 0.052804 0.000000 0.947196 0.233615
-0.000000 0.402811 0.597189 -0.000000 0.543092 0.456908 0.227053
-0.000000 0.955263 0.044737 0.150790 0.849210 0.000000 0.221691
0.517846 0.482154 0.000000 0.769631 0.230369 0.000000 0.216749
-0.000000 0.271209 0.728791 -0.000000 0.698330 0.301670 0.200239
-0.000000 0.877091 0.122909 0.364800 0.635200 0.000000 0.195338
0.491982 0.508018 0.000000 0.958820 0.000000 0.041180 0.190973
0.249687 0.000000 0.750313 -0.000000 0.425344 0.574656 0.181482
-0.000000 0.394846 0.605154 0.134331 0.865669 0.000000 0.176347
0.708242 0.291758 0.000000 0.420934 0.000000 0.579066 0.168622
-0.000000 0.056093 0.943907 0.061702 0.938298 0.000000 0.159836
-0.000000 0.742473 0.257527 0.816721 0.183279 0.000000 0.155811
0.435229 0.564771 0.000000 0.421248 0.000000 0.578752 0.152757
0.864018 0.000000 0.135982 -0.000000 0.349580 0.650420 0.148874
-0.000000 0.559148 0.440852 0.915062 0.084938 0.000000 0.141755
0.279743 0.720257 0.000000 0.292283 0.000000 0.707717 0.139152
0.992564 0.000000 0.007436 -0.000000 0.508179 0.491821 0.135695
0.259345 0.000000 0.740655 0.314720 0.685280 0.000000 0.132995
0.223647 0.776353 0.000000 0.053989 0.000000 0.946011 0.127890
0.272363 0.000000 0.727637 0.600400 0.399600 0.000000 0.122996
-0.000000 0.486266 0.513734 0.565107 0.000000 0.434893 0.120742
0.983738 0.000000 0.016262 0.117888 0.882112 0.000000 0.116462
0.213971 0.000000 0.786029 0.964631 0.035369 0.000000 0.115407
-0.000000 0.558981 0.441019 0.185121 0.000000 0.814879 0.113915
0.103266 0.000000 0.896734 0.613592 0.000000 0.386408 0.110142
-0.000000 0.680163 0.319837 -0.000000 0.248179 0.751821 0.108968
0.466109 0.533891 0.000000 0.112720 0.887280 0.000000 0.107650
0.747188 0.000000 0.252812 0.978093 0.021907 0.000000 0.107467
0.618381 0.381619 0.000000 0.580219 0.419781 0.000000 0.106166
0.592429 0.000000 0.407571 0.551672 0.000000 0.448328 0.106610
-0.000000 0.196310 0.803690 -0.000000 0.315941 0.684059 0.106911
0.773866 0.226134 0.000000 0.948747 0.000000 0.051253 0.107341
0.440140 0.000000 0.559860 0.084154 0.000000 0.915846 0.108552
0.130222 0.869778 0.000000 0.643244 0.356756 0.000000 0.109251
0.309035 0.000000 0.690965 -0.000000 0.360061 0.639939 0.112251
-0.000000 0.468567 0.531433 0.215424 0.784576 0.000000 0.112947
0.243014 0.756986 0.000000 0.932685 0.000000 0.067315 0.114584
0.986887 0.000000 0.013113 0.085576 0.000000 0.914424 0.116954
-0.000000 0.544625 0.455375 0.599087 0.400913 0.000000 0.120014
0.303961 0.696039 0.000000 0.565643 0.000000 0.434357 0.122465
0.941342 0.000000 0.058658 -0.000000 0.264524 0.735476 0.124916
0.191031 0.000000 0.808969 0.089865 0.910135 0.000000 0.127135
0.293631 0.706369 0.000000 0.277006 0.000000 0.722994 0.132835
0.243779 0.000000 0.756221 0.331843 0.668157 0.000000 0.138463
-0.000000 0.478601 0.521399 0.873539 0.000000 0.126461 0.141426
0.903170 0.096830 0.000000 -0.000000 0.693487 0.306513 0.147964
0.395309 0.000000 0.604691 0.465160 0.534840 0.000000 0.152025
-0.000000 0.299050 0.700950 0.771045 0.000000 0.228955 0.155711
0.664626 0.000000 0.335374 0.468911 0.531089 0.000000 0.167734
0.002740 0.000000 0.997260 0.803014 0.000000 0.196986 0.172183
-0.000000 0.650906 0.349094 0.084003 0.000000 0.915997 0.176319
0.296265 0.703735 0.000000 -0.000000 0.625891 0.374109 0.180422
-0.000000 0.172448 0.827552 0.310307 0.000000 0.689693 0.195642
-0.000000 0.779434 0.220566 -0.000000 0.357378 0.642622 0.199838
0.375856 0.624144 0.000000 0.013442 0.986558 0.000000 0.205100
0.464910 0.000000 0.535090 0.711401 0.000000 0.288599 0.216517
-0.000000 0.098944 0.901056 0.091162 0.000000 0.908838 0.221662
0.195044 0.804956 0.000000 0.114548 0.885452 0.000000 0.232548
0.757634 0.000000 0.242366 0.733398 0.000000 0.266602 0.244894
0.251784 0.000000 0.748216 0.176962 0.000000 0.823038 0.250853
-0.000000 0.243246 0.756754 -0.000000 0.367571 0.632429 0.256219
-0.000000 0.725955 0.274045 -0.000000 0.898551 0.101449 0.262339
0.651527 0.348473 0.000000 0.916679 0.083321 0.000000 0.275677
0.905528 0.000000 0.094472 0.596081 0.000000 0.403919 0.282439
0.475444 0.000000 0.524556 0.122989 0.000000 0.877011 0.288888
0.057562 0.000000 0.942438 -0.000000 0.336682 0.663318 0.294958
-0.000000 0.738487 0.261513 0.212335 0.787665 0.000000 0.308382
0.478131 0.521869 0.000000 0.974056 0.000000 0.025944 0.322608
0.826648 0.173352 0.000000 0.590687 0.000000 0.409313 0.329769
0.518582 0.000000 0.481418 -0.000000 0.129560 0.870440 0.343829
0.212049 0.000000 0.787951 -0.000000 0.466746 0.533254 0.350743
-0.000000 0.080310 0.919690 -0.000000 0.788341 0.211659 0.357816
-0.000000 0.868983 0.131017 0.655881 0.344119 0.000000 0.380022
0.101799 0.898201 0.000000 0.911978 0.088022 0.000000 0.387634
0.319423 0.680577 0.000000 0.848634 0.000000 0.151366 0.395241
0.522102 0.477898 0.000000 0.625688 0.000000 0.374312 0.402719
0.961288 0.000000 0.038712 0.057417 0.000000 0.942583 0.425596
0.819675 0.000000 0.180325 -0.000000 0.098357 0.901643 0.433219
0.693352 0.000000 0.306648 -0.000000 0.237313 0.762687 0.440849
0.486840 0.000000 0.513160 -0.000000 0.464476 0.535524 0.456194
0.406684 0.000000 0.593316 -0.000000 0.552647 0.447353 0.463885
0.292892 0.000000 0.707108 -0.000000 0.677819 0.322181 0.479376
0.241634 0.000000 0.758366 -0.000000 0.734203 0.265797 0.495007
0.239562 0.000000 0.760438 -0.000000 0.736482 0.263518 0.502841
0.253139 0.000000 0.746861 -0.000000 0.721548 0.278452 0.510636
0.282234 0.000000 0.717766 -0.000000 0.689542 0.310458 0.518371
0.387031 0.000000 0.612969 -0.000000 0.574266 0.425734 0.533854
0.462747 0.000000 0.537253 -0.000000 0.490978 0.509022 0.541601
0.554017 0.000000 0.445983 -0.000000 0.390582 0.609418 0.549348
0.660814 0.000000 0.339186 -0.000000 0.273105 0.726895 0.557079
0.920689 0.000000 0.079311 0.012758 0.000000 0.987242 0.572413
0.758243 0.241757 0.000000 0.365933 0.000000 0.634067 0.587619
0.574891 0.425109 0.000000 0.567620 0.000000 0.432380 0.595149
0.163039 0.836961 0.000000 0.979343 0.020657 0.000000 0.610102
-0.000000 0.934569 0.065431 0.728026 0.271974 0.000000 0.617579
-0.000000 0.691141 0.308859 0.460255 0.539745 0.000000 0.625023
0.127674 0.000000 0.872326 -0.000000 0.559558 0.440442 0.647031
0.429562 0.000000 0.570438 -0.000000 0.227482 0.772518 0.654099
0.745769 0.000000 0.254231 0.120345 0.000000 0.879655 0.661189
0.924003 0.075997 0.000000 0.483596 0.000000 0.516404 0.668117
-0.000000 0.849675 0.150325 0.334642 0.665358 0.000000 0.688838
-0.000000 0.463557 0.536443 -0.000000 0.909913 0.090087 0.695864
-0.000000 0.063762 0.936238 -0.000000 0.470138 0.529862 0.702683
0.774299 0.000000 0.225701 0.451729 0.000000 0.548271 0.715356
0.787420 0.212580 0.000000 0.933837 0.000000 0.066163 0.721645
-0.000000 0.872791 0.127209 0.060070 0.939930 0.000000 0.734367
0.093690 0.000000 0.906310 0.003059 0.000000 0.996941 0.746840
0.594106 0.000000 0.405894 0.553516 0.000000 0.446484 0.752467
0.893913 0.106087 0.000000 0.883304 0.116696 0.000000 0.758095
0.371068 0.628932 0.000000 0.308174 0.691826 0.000000 0.763429
-0.000000 0.287967 0.712033 -0.000000 0.116763 0.883237 0.775764
0.269590 0.000000 0.730410 0.496549 0.000000 0.503451 0.780729
0.837554 0.000000 0.162446 0.878691 0.121309 0.000000 0.785761
0.585093 0.414907 0.000000 0.243603 0.756397 0.000000 0.790322
-0.000000 0.396244 0.603756 0.064132 0.000000 0.935868 0.801639
0.830143 0.000000 0.169857 0.586843 0.413157 0.000000 0.810262
0.543574 0.456426 0.000000 -0.000000 0.897931 0.102069 0.814421
-0.000000 0.261392 0.738608 0.512469 0.000000 0.487531 0.824054
0.391972 0.000000 0.608028 0.768831 0.231169 0.000000 0.827830
0.947074 0.052926 0.000000 0.041781 0.958219 0.000000 0.831469
0.084726 0.000000 0.915274 0.806802 0.193198 0.000000 0.843265
0.775929 0.000000 0.224071 0.046479 0.953521 0.000000 0.846304
0.525526 0.474474 0.000000 -0.000000 0.278079 0.721921 0.849903
-0.000000 0.820737 0.179263 0.497190 0.000000 0.502810 0.852997
0.669124 0.330876 0.000000 -0.000000 0.136037 0.863963 0.861978
-0.000000 0.941364 0.058636 0.664500 0.000000 0.335500 0.864143
-0.000000 0.207780 0.792220 0.528558 0.471442 0.000000 0.866955
0.726751 0.273249 0.000000 0.100574 0.000000 0.899426 0.871528
-0.000000 0.980574 0.019426 0.921368 0.000000 0.078632 0.872998
0.524692 0.000000 0.475308 -0.000000 0.422839 0.577161 0.877200
-0.000000 0.957493 0.042507 0.753243 0.246757 0.000000 0.879536
-0.000000 0.194391 0.805609 -0.000000 0.913830 0.086170 0.881062
0.572040 0.000000 0.427960 -0.000000 0.070756 0.929244 0.882755
0.660438 0.339562 0.000000 0.773518 0.000000 0.226482 0.883142
-0.000000 0.120601 0.879399 -0.000000 0.532662 0.467338 0.884898
0.652173 0.000000 0.347827 0.317391 0.000000 0.682609 0.885631
0.575087 0.424913 0.000000 0.832596 0.167404 0.000000 0.885376
-0.000000 0.802731 0.197269 -0.000000 0.983004 0.016996 0.885061
0.745710 0.000000 0.254290 0.720281 0.000000 0.279719 0.885781
-0.000000 0.710080 0.289920 -0.000000 0.581088 0.418912 0.884584
0.062167 0.000000 0.937833 0.268384 0.000000 0.731616 0.884836
0.400385 0.599615 0.000000 0.040423 0.959577 0.000000 0.881902
-0.000000 0.633424 0.366576 -0.000000 0.196766 0.803234 0.881857
0.131345 0.000000 0.868655 0.644480 0.000000 0.355520 0.880790
-0.000000 0.593498 0.406502 0.147152 0.000000 0.852848 0.876113
0.158953 0.000000 0.841047 0.974848 0.000000 0.025152 0.874310
0.906556 0.000000 0.093444 0.202788 0.797212 0.000000 0.871696
0.349739 0.650261 0.000000 -0.000000 0.384713 0.615287 0.869676
0.855165 0.000000 0.144835 -0.000000 0.959318 0.040682 0.862428
0.420066 0.579934 0.000000 -0.000000 0.162073 0.837927 0.859974
-0.000000 0.700959 0.299041 0.628945 0.000000 0.371055 0.857126
0.719275 0.000000 0.280725 -0.000000 0.808797 0.191203 0.850832
0.580070 0.419930 0.000000 -0.000000 0.038077 0.961923 0.847684
-0.000000 0.200014 0.799986 0.520015 0.479985 0.000000 0.840618
0.848402 0.151598 0.000000 -0.000000 0.033242 0.966758 0.833267
0.185289 0.814711 0.000000 0.696182 0.000000 0.303818 0.828612
-0.000000 0.529426 0.470574 0.582369 0.417631 0.000000 0.824905
0.118056 0.000000 0.881944 -0.000000 0.870138 0.129862 0.820715
0.613310 0.386690 0.000000 0.525359 0.000000 0.474641 0.811441
-0.000000 0.993291 0.006709 0.792620 0.207380 0.000000 0.806754
-0.000000 0.382144 0.617856 0.120358 0.879642 0.000000 0.802309
0.220086 0.000000 0.779914 -0.000000 0.457906 0.542094 0.797887
0.607620 0.392380 0.000000 0.831618 0.000000 0.168382 0.786890
-0.000000 0.476841 0.523159 -0.000000 0.924525 0.075475 0.776865
0.073472 0.000000 0.926528 -0.000000 0.319181 0.680819 0.771727
0.861652 0.138348 0.000000 0.852183 0.000000 0.147817 0.759665
0.347251 0.652749 0.000000 0.581976 0.418024 0.000000 0.753506
-0.000000 0.843694 0.156306 0.028063 0.971937 0.000000 0.748090
0.596053 0.000000 0.403947 0.555658 0.000000 0.444342 0.729801
0.949589 0.050411 0.000000 0.944548 0.055452 0.000000 0.723361
0.508527 0.491473 0.000000 0.459380 0.540620 0.000000 0.716662
0.079472 0.920528 0.000000 -0.000000 0.987419 0.012581 0.710669
0.130496 0.000000 0.869504 0.343546 0.000000 0.656454 0.690916
0.506460 0.000000 0.493540 0.757106 0.000000 0.242894 0.684070
0.868447 0.000000 0.131553 0.844708 0.155292 0.000000 0.677021
0.449625 0.550375 0.000000 0.094588 0.905412 0.000000 0.663054
0.128985 0.871015 0.000000 -0.000000 0.741883 0.258117 0.656346
-0.000000 0.530438 0.469562 -0.000000 0.083482 0.916518 0.642049
0.009670 0.000000 0.990330 0.510637 0.000000 0.489363 0.627421
0.257783 0.000000 0.742217 0.783561 0.000000 0.216439 0.620040
0.491097 0.000000 0.508903 0.959793 0.040207 0.000000 0.612620
0.709444 0.000000 0.290556 0.719611 0.280389 0.000000 0.605126
0.899172 0.100828 0.000000 0.289089 0.710911 0.000000 0.590027
0.726081 0.273919 0.000000 0.098689 0.901311 0.000000 0.582513
0.568053 0.431947 0.000000 -0.000000 0.924858 0.075142 0.574995
0.425303 0.574697 0.000000 -0.000000 0.767833 0.232167 0.567372
0.186039 0.813961 0.000000 -0.000000 0.504643 0.495357 0.552003
0.008286 0.991714 0.000000 -0.000000 0.309114 0.690886 0.536628
-0.000000 0.942616 0.057384 -0.000000 0.236878 0.763122 0.528893
-0.000000 0.858251 0.141749 -0.000000 0.144076 0.855924 0.513271
-0.000000 0.839481 0.160519 -0.000000 0.123429 0.876571 0.505493
-0.000000 0.836263 0.163737 -0.000000 0.119889 0.880111 0.497737
-0.000000 0.919942 0.080058 -0.000000 0.211937 0.788063 0.474455
-0.000000 0.978999 0.021001 -0.000000 0.276899 0.723101 0.466684
0.053624 0.946376 0.000000 -0.000000 0.358987 0.641013 0.458925
0.143874 0.856126 0.000000 -0.000000 0.458262 0.541738 0.451142
0.507700 0.492300 0.000000 -0.000000 0.858470 0.141530 0.428032
0.659599 0.340401 0.000000 0.025559 0.974441 0.000000 0.420460
0.826623 0.173377 0.000000 0.209286 0.790714 0.000000 0.412940
0.793447 0.000000 0.206553 0.627208 0.372792 0.000000 0.397782
0.580658 0.000000 0.419342 0.861276 0.138724 0.000000 0.390203
0.110007 0.000000 0.889993 0.621008 0.000000 0.378992 0.375246
-0.000000 0.421136 0.578864 0.036751 0.000000 0.963249 0.360222
-0.000000 0.708969 0.291031 -0.000000 0.279866 0.720134 0.352844
0.011168 0.988832 0.000000 -0.000000 0.612284 0.387716 0.345699
0.327454 0.672546 0.000000 -0.000000 0.960199 0.039801 0.338713
0.997434 0.000000 0.002566 0.702823 0.297177 0.000000 0.324702
0.639195 0.000000 0.360805 0.903114 0.000000 0.096886 0.317990
0.266767 0.000000 0.733233 0.493443 0.000000 0.506557 0.310950
-0.000000 0.120120 0.879880 0.067868 0.000000 0.932132 0.303741
-0.000000 0.935653 0.064347 -0.000000 0.829218 0.170782 0.290079
0.802733 0.197267 0.000000 0.783006 0.216994 0.000000 0.277358
0.744756 0.000000 0.255244 0.719231 0.000000 0.280769 0.271280
-0.000000 0.199966 0.800034 -0.000000 0.319963 0.680037 0.257995
-0.000000 0.691864 0.308136 -0.000000 0.861051 0.138949 0.251640
0.195138 0.804862 0.000000 0.414652 0.585348 0.000000 0.246016
0.225232 0.000000 0.774768 -0.000000 0.152245 0.847755 0.228728
-0.000000 0.325898 0.674102 -0.000000 0.758488 0.241512 0.222399
-0.000000 0.887711 0.112289 0.376482 0.623518 0.000000 0.217078
0.459629 0.540371 0.000000 0.994408 0.000000 0.005592 0.212159
-0.000000 0.239228 0.760772 -0.000000 0.963151 0.036849 0.196094
-0.000000 0.853337 0.146663 0.638670 0.361330 0.000000 0.191306
0.476293 0.523707 0.000000 0.676077 0.000000 0.323923 0.187028
0.248805 0.000000 0.751195 -0.000000 0.726314 0.273686 0.177433
-0.000000 0.402974 0.597026 0.443271 0.556729 0.000000 0.172791
0.730736 0.269264 0.000000 0.096191 0.000000 0.903809 0.165101
-0.000000 0.092570 0.907430 0.401827 0.598173 0.000000 0.156657
-0.000000 0.785262 0.214738 0.836211 0.000000 0.163789 0.152760
0.484095 0.515905 0.000000 0.067496 0.000000 0.932504 0.149790
0.808580 0.000000 0.191420 -0.000000 0.710562 0.289438 0.145621
-0.000000 0.625273 0.374727 0.712199 0.000000 0.287801 0.139205
0.351290 0.648710 0.000000 -0.000000 0.086419 0.913581 0.136500
0.915540 0.000000 0.084460 -0.000000 0.892906 0.107094 0.132986
0.177882 0.000000 0.822118 0.704330 0.295670 0.000000 0.130859
0.314095 0.685905 0.000000 -0.000000 0.345504 0.654496 0.125532
0.174500 0.000000 0.825500 0.991950 0.000000 0.008050 0.121317
-0.000000 0.587040 0.412960 0.154256 0.000000 0.845744 0.119362
0.876232 0.000000 0.123768 0.536145 0.463855 0.000000 0.115180
0.103776 0.000000 0.896224 0.614153 0.000000 0.385847 0.114184
-0.000000 0.672118 0.327882 -0.000000 0.239330 0.760670 0.112480
-0.000000 0.014997 0.985003 0.183503 0.000000 0.816497 0.109638
-0.000000 0.800784 0.199216 -0.000000 0.680863 0.319137 0.107790
0.587703 0.412297 0.000000 0.546473 0.453527 0.000000 0.107231
0.624830 0.000000 0.375170 0.587313 0.000000 0.412687 0.107223
0.742063 0.257937 0.000000 0.983730 0.000000 0.016270 0.106439
0.469621 0.000000 0.530379 0.116584 0.000000 0.883416 0.107144
-0.000000 0.319609 0.680391 -0.000000 0.751570 0.248430 0.106661
0.895369 0.104631 0.000000 0.515095 0.000000 0.484905 0.107982
0.319316 0.000000 0.680684 -0.000000 0.348752 0.651248 0.108931
0.247902 0.752098 0.000000 0.927308 0.000000 0.072692 0.110308
0.195279 0.000000 0.804721 -0.000000 0.785193 0.214807 0.113021
-0.000000 0.579807 0.420193 0.637788 0.362212 0.000000 0.114257
0.351119 0.648881 0.000000 0.513769 0.000000 0.486231 0.116262
0.881104 0.000000 0.118896 -0.000000 0.330785 0.669215 0.118160
-0.000000 0.643649 0.356351 0.991986 0.000000 0.008014 0.121865
0.398488 0.601512 0.000000 0.161663 0.000000 0.838337 0.124792
0.849960 0.000000 0.150040 -0.000000 0.665044 0.334956 0.126509
0.104052 0.000000 0.895948 0.485543 0.514457 0.000000 0.129382
0.371629 0.628371 0.000000 -0.000000 0.108792 0.891208 0.135133
0.175956 0.000000 0.824044 0.706449 0.293551 0.000000 0.141345
-0.000000 0.540583 0.459417 0.505359 0.000000 0.494641 0.144430
0.953885 0.046115 0.000000 0.049273 0.950727 0.000000 0.151005
0.351172 0.000000 0.648828 0.813711 0.186289 0.000000 0.155390
-0.000000 0.336503 0.663497 0.429846 0.000000 0.570154 0.159123
0.647682 0.000000 0.352318 0.787550 0.212450 0.000000 0.171513
-0.000000 0.006582 0.993418 0.492760 0.000000 0.507240 0.176064
-0.000000 0.653202 0.346798 -0.000000 0.218522 0.781478 0.179852
0.290772 0.709228 0.000000 -0.000000 0.919850 0.080150 0.184329
-0.000000 0.142599 0.857401 0.043141 0.000000 0.956859 0.199621
-0.000000 0.741577 0.258423 -0.000000 0.615735 0.384265 0.203855
0.329048 0.670952 0.000000 0.261952 0.738048 0.000000 0.209609
0.529954 0.000000 0.470046 0.482950 0.000000 0.517050 0.221266
-0.000000 0.024804 0.975196 -0.000000 0.127284 0.872716 0.226230
0.101716 0.898284 0.000000 0.311888 0.688112 0.000000 0.237490
0.871042 0.000000 0.128958 0.558146 0.000000 0.441854 0.250026
0.375382 0.000000 0.624618 0.012920 0.000000 0.987080 0.255965
-0.000000 0.109351 0.890649 -0.000000 0.520286 0.479714 0.261388
-0.000000 0.581628 0.418372 0.039791 0.960209 0.000000 0.267584
0.485677 0.514323 0.000000 0.965756 0.000000 0.034244 0.281144
0.917767 0.082233 0.000000 0.490457 0.000000 0.509543 0.287879
0.663283 0.000000 0.336717 0.029612 0.000000 0.970388 0.294468
0.256825 0.000000 0.743175 -0.000000 0.417492 0.582508 0.300693
-0.000000 0.516065 0.483935 0.267671 0.732329 0.000000 0.314071
0.232624 0.767376 0.000000 0.944114 0.000000 0.055886 0.328427
0.569407 0.430593 0.000000 0.573653 0.000000 0.426347 0.335631
0.799723 0.000000 0.200277 -0.000000 0.120305 0.879695 0.349935
0.505661 0.000000 0.494339 -0.000000 0.443773 0.556227 0.356996
0.225950 0.000000 0.774050 -0.000000 0.751455 0.248545 0.364160
-0.000000 0.525603 0.474397 0.578163 0.421837 0.000000 0.386219
-0.000000 0.746083 0.253917 0.820691 0.179309 0.000000 0.393795
-0.000000 0.951264 0.048736 0.953609 0.000000 0.046391 0.401450
0.141089 0.858911 0.000000 0.744802 0.000000 0.255198 0.409131
0.619670 0.380330 0.000000 0.218363 0.000000 0.781637 0.431912
0.748487 0.251513 0.000000 0.076664 0.000000 0.923336 0.439609
0.861844 0.138156 0.000000 -0.000000 0.048028 0.951972 0.447326
0.958114 0.000000 0.041886 -0.000000 0.246075 0.753925 0.462859
0.891356 0.000000 0.108644 -0.000000 0.319508 0.680492 0.470576
0.804278 0.000000 0.195722 -0.000000 0.415294 0.584706 0.486030
0.779577 0.000000 0.220423 -0.000000 0.442465 0.557535 0.501624
0.790743 0.000000 0.209257 -0.000000 0.430183 0.569817 0.509437
0.817461 0.000000 0.182539 -0.000000 0.400792 0.599208 0.517188
0.859739 0.000000 0.140261 -0.000000 0.354287 0.645713 0.524940
0.990823 0.000000 0.009177 -0.000000 0.210094 0.789906 0.540385
0.920426 0.079574 0.000000 -0.000000 0.112468 0.887532 0.548086
0.816288 0.183712 0.000000 0.002083 0.000000 0.997917 0.555747
0.696799 0.303201 0.000000 0.133521 0.000000 0.866479 0.563389
0.411479 0.588521 0.000000 0.447373 0.000000 0.552627 0.578742
0.064930 0.935070 0.000000 0.828577 0.000000 0.171423 0.593932
-0.000000 0.868814 0.131186 0.955695 0.044305 0.000000 0.601503
-0.000000 0.431699 0.568301 0.474869 0.525131 0.000000 0.616381
-0.000000 0.190690 0.809310 0.209759 0.790241 0.000000 0.623838
0.065314 0.000000 0.934686 -0.000000 0.928155 0.071845 0.631296
0.920660 0.000000 0.079340 0.012726 0.000000 0.987274 0.652854
0.765869 0.234131 0.000000 0.357544 0.000000 0.642456 0.659802
0.437930 0.562070 0.000000 0.718277 0.000000 0.281723 0.666965
0.095917 0.904083 0.000000 0.905509 0.094491 0.000000 0.673944
0.014684 0.000000 0.985316 -0.000000 0.683847 0.316153 0.694954
0.411982 0.000000 0.588018 -0.000000 0.246820 0.753180 0.701436
0.822316 0.000000 0.177684 0.204548 0.000000 0.795452 0.707867
0.318582 0.681418 0.000000 0.850441 0.149559 0.000000 0.720512
-0.000000 0.869562 0.130438 0.356518 0.643482 0.000000 0.726966
0.068204 0.000000 0.931796 -0.000000 0.324976 0.675024 0.740028
0.946578 0.053422 0.000000 0.758764 0.000000 0.241236 0.751424
0.437008 0.562992 0.000000 0.680709 0.319291 0.000000 0.756874
-0.000000 0.915226 0.084774 0.106749 0.893251 0.000000 0.762937
-0.000000 0.380490 0.619510 -0.000000 0.518539 0.481461 0.769434
0.720265 0.000000 0.279735 0.692292 0.000000 0.307708 0.779704
0.714077 0.285923 0.000000 0.685485 0.314515 0.000000 0.784570
0.138009 0.861991 0.000000 0.051810 0.948190 0.000000 0.789701
-0.000000 0.549675 0.450325 -0.000000 0.404642 0.595358 0.795864
0.654968 0.000000 0.345032 0.920465 0.000000 0.079535 0.805034
0.104173 0.895827 0.000000 -0.000000 0.714590 0.285410 0.813995
-0.000000 0.468266 0.531734 -0.000000 0.015092 0.984908 0.819308
0.827225 0.000000 0.172775 0.590052 0.409948 0.000000 0.826989
0.513544 0.486456 0.000000 -0.000000 0.864898 0.135102 0.830597
-0.000000 0.844894 0.155106 -0.000000 0.129383 0.870617 0.835323
0.795044 0.204956 0.000000 -0.000000 0.874549 0.125451 0.845682
0.097622 0.902378 0.000000 -0.000000 0.107384 0.892616 0.849373
-0.000000 0.393111 0.606889 0.667578 0.000000 0.332422 0.852901
0.317063 0.000000 0.682937 0.551231 0.448769 0.000000 0.855606
-0.000000 0.517867 0.482133 0.830347 0.000000 0.169653 0.864079
0.214436 0.000000 0.785564 0.364120 0.635880 0.000000 0.866343
0.951985 0.000000 0.048015 -0.000000 0.552816 0.447184 0.868874
-0.000000 0.560178 0.439822 0.916196 0.083804 0.000000 0.873108
0.189499 0.000000 0.810501 0.091551 0.908449 0.000000 0.874705
0.299494 0.700506 0.000000 0.570557 0.000000 0.429443 0.877962
0.223518 0.000000 0.776482 -0.000000 0.754130 0.245870 0.880993
0.989539 0.000000 0.010461 0.088493 0.000000 0.911507 0.882532
0.243968 0.756032 0.000000 0.931635 0.000000 0.068365 0.882599
-0.000000 0.475330 0.524670 0.222863 0.777137 0.000000 0.883562
0.931629 0.068371 0.000000 0.475208 0.000000 0.524792 0.885412
0.159611 0.840389 0.000000 0.675572 0.324428 0.000000 0.884998
-0.000000 0.386367 0.613633 -0.000000 0.825003 0.174997 0.885576
0.388275 0.000000 0.611725 0.027103 0.000000 0.972897 0.886341
0.066039 0.933961 0.000000 0.272643 0.727357 0.000000 0.884616
0.479243 0.000000 0.520757 0.427167 0.000000 0.572833 0.884826
0.750554 0.249446 0.000000 0.725609 0.274391 0.000000 0.883587
-0.000000 0.215093 0.784907 -0.000000 0.036602 0.963398 0.882429
0.549790 0.000000 0.450210 0.804769 0.000000 0.195231 0.880840
0.688770 0.311230 0.000000 0.357648 0.642352 0.000000 0.878867
0.579696 0.000000 0.420304 0.862335 0.137665 0.000000 0.874476
0.672384 0.327616 0.000000 0.039622 0.960378 0.000000 0.871821
-0.000000 0.927476 0.072524 -0.000000 0.220224 0.779776 0.870319
-0.000000 0.186336 0.813664 0.595030 0.000000 0.404970 0.868473
-0.000000 0.994977 0.005023 0.005525 0.000000 0.994475 0.860351
-0.000000 0.274440 0.725560 0.798116 0.000000 0.201884 0.857881
0.439416 0.000000 0.560584 0.416642 0.583358 0.000000 0.854418
0.151367 0.848633 0.000000 0.133496 0.000000 0.866504 0.848029
-0.000000 0.456104 0.543896 0.898285 0.000000 0.101715 0.844960
0.912036 0.000000 0.087964 -0.000000 0.596761 0.403239 0.837531
-0.000000 0.750365 0.249635 0.874598 0.000000 0.125402 0.829605
-0.000000 0.093503 0.906497 0.402853 0.597147 0.000000 0.825447
0.555525 0.000000 0.444475 -0.000000 0.688923 0.311077 0.821500
0.804068 0.195932 0.000000 0.015525 0.000000 0.984475 0.817141
-0.000000 0.551505 0.448495 0.606656 0.393344 0.000000 0.807827
0.061178 0.000000 0.938822 -0.000000 0.932704 0.067296 0.803119
0.664954 0.000000 0.335046 -0.000000 0.268551 0.731449 0.798656
0.742356 0.257644 0.000000 0.383409 0.000000 0.616591 0.793033
-0.000000 0.587831 0.412169 0.346614 0.653386 0.000000 0.782629
0.526317 0.000000 0.473683 -0.000000 0.121051 0.878949 0.772395
0.933929 0.066071 0.000000 0.472678 0.000000 0.527322 0.766354
-0.000000 0.889232 0.110768 0.378156 0.621844 0.000000 0.754679
-0.000000 0.382969 0.617031 -0.000000 0.821266 0.178734 0.749502
0.111454 0.000000 0.888546 -0.000000 0.277401 0.722599 0.743608
0.482080 0.517920 0.000000 0.730288 0.269712 0.000000 0.724109
0.038447 0.961553 0.000000 0.242292 0.757708 0.000000 0.717970
-0.000000 0.606495 0.393505 -0.000000 0.767145 0.232855 0.712169
-0.000000 0.187788 0.812212 -0.000000 0.306567 0.693433 0.705577
0.987076 0.000000 0.012924 0.985783 0.000000 0.014217 0.685058
0.649106 0.350894 0.000000 0.614016 0.385984 0.000000 0.677919
0.298798 0.701202 0.000000 0.228677 0.771323 0.000000 0.671165
-0.000000 0.638640 0.361360 -0.000000 0.502504 0.497496 0.657703
-0.000000 0.330178 0.669822 -0.000000 0.163195 0.836805 0.650305
0.243605 0.000000 0.756395 0.467965 0.000000 0.532035 0.635854
0.759278 0.000000 0.240722 0.964795 0.035205 0.000000 0.621168
0.994743 0.000000 0.005257 0.705783 0.294217 0.000000 0.613676
0.784787 0.215213 0.000000 0.463266 0.536734 0.000000 0.606180
0.579234 0.420766 0.000000 0.237158 0.762842 0.000000 0.598733
0.212738 0.787262 0.000000 -0.000000 0.834012 0.165988 0.583903
0.052235 0.947765 0.000000 -0.000000 0.657458 0.342542 0.576252
-0.000000 0.906971 0.093029 -0.000000 0.497668 0.502332 0.568643
-0.000000 0.777155 0.222845 -0.000000 0.354871 0.645129 0.560930
-0.000000 0.563840 0.436160 -0.000000 0.120224 0.879776 0.545518
-0.000000 0.412246 0.587754 0.046530 0.000000 0.953470 0.530094
-0.000000 0.359637 0.640363 0.104399 0.000000 0.895601 0.522377
-0.000000 0.300963 0.699037 0.168941 0.000000 0.831059 0.506889
-0.000000 0.294916 0.705084 0.175593 0.000000 0.824407 0.499151
-0.000000 0.304394 0.695606 0.165166 0.000000 0.834834 0.491398
-0.000000 0.427393 0.572607 0.029868 0.000000 0.970132 0.467869
-0.000000 0.499729 0.500271 -0.000000 0.049701 0.950299 0.460067
-0.000000 0.587656 0.412344 -0.000000 0.146421 0.853579 0.452297
-0.000000 0.691124 0.308876 -0.000000 0.260237 0.739763 0.444554
0.094105 0.905895 0.000000 -0.000000 0.703516 0.296484 0.421567
0.259044 0.740956 0.000000 -0.000000 0.884948 0.115052 0.413958
0.439186 0.560814 0.000000 0.083105 0.916895 0.000000 0.406400
0.845007 0.154993 0.000000 0.529508 0.470492 0.000000 0.391319
0.929603 0.000000 0.070397 0.777436 0.222564 0.000000 0.383938
0.434301 0.000000 0.565699 0.677731 0.000000 0.322269 0.369175
-0.000000 0.121196 0.878804 0.066684 0.000000 0.933316 0.354141
-0.000000 0.421480 0.578520 -0.000000 0.263628 0.736372 0.346669
-0.000000 0.735985 0.264015 -0.000000 0.609584 0.390416 0.339583
0.064662 0.935338 0.000000 -0.000000 0.971128 0.028872 0.332548
0.763683 0.236317 0.000000 0.740051 0.259949 0.000000 0.318703
0.866174 0.000000 0.133826 0.852792 0.000000 0.147208 0.312085
0.482379 0.000000 0.517621 0.430617 0.000000 0.569383 0.305323
0.084246 0.000000 0.915754 -0.000000 0.007329 0.992671 0.298179
-0.000000 0.753966 0.246034 -0.000000 0.929362 0.070638 0.284505
0.643043 0.356957 0.000000 0.907348 0.092652 0.000000 0.271972
0.893653 0.000000 0.106347 0.583019 0.000000 0.416981 0.265934
-0.000000 0.072194 0.927806 -0.000000 0.479413 0.520587 0.252774
-0.000000 0.574483 0.425517 0.031932 0.968068 0.000000 0.246503
0.087758 0.912242 0.000000 0.596534 0.403466 0.000000 0.241081
0.303143 0.000000 0.696857 -0.000000 0.366543 0.633457 0.223930
-0.000000 0.257118 0.742882 -0.000000 0.982830 0.017170 0.217887
-0.000000 0.827956 0.172044 0.610751 0.389249 0.000000 0.212643
0.408830 0.591170 0.000000 0.750287 0.000000 0.249713 0.207758
-0.000000 0.214747 0.785253 0.236222 0.763778 0.000000 0.192047
-0.000000 0.837120 0.162880 0.920831 0.079169 0.000000 0.187266
0.467695 0.532305 0.000000 0.385536 0.000000 0.614464 0.183294
0.241849 0.000000 0.758151 0.033966 0.966034 0.000000 0.173847
-0.000000 0.416990 0.583010 0.758688 0.241312 0.000000 0.169351
0.758927 0.241073 0.000000 -0.000000 0.234820 0.765180 0.161412
-0.000000 0.133638 0.866362 0.747002 0.252998 0.000000 0.153625
-0.000000 0.832210 0.167790 0.484569 0.000000 0.515431 0.149914
0.537693 0.462307 0.000000 -0.000000 0.291463 0.708537 0.146510
0.749326 0.000000 0.250674 0.075742 0.924258 0.000000 0.142833
-0.000000 0.694672 0.305328 0.335861 0.000000 0.664139 0.136886
0.426356 0.573644 0.000000 -0.000000 0.468991 0.531009 0.133699
0.835943 0.000000 0.164057 0.280462 0.719538 0.000000 0.130771
0.093637 0.000000 0.906363 0.903000 0.000000 0.097000 0.128646
0.407257 0.592743 0.000000 -0.000000 0.747982 0.252018 0.123118
0.074326 0.000000 0.925674 0.581759 0.000000 0.418241 0.119686
-0.000000 0.691165 0.308835 -0.000000 0.260282 0.739718 0.117421
0.766493 0.000000 0.233507 0.956857 0.043143 0.000000 0.114062
-0.000000 0.007977 0.992023 0.191225 0.000000 0.808775 0.113267
-0.000000 0.786998 0.213002 -0.000000 0.665698 0.334302 0.110923
-0.000000 0.135060 0.864940 -0.000000 0.248566 0.751434 0.108719
-0.000000 0.922264 0.077736 0.114490 0.885510 0.000000 0.107087
0.709823 0.290177 0.000000 0.980805 0.019195 0.000000 0.107027
0.502634 0.000000 0.497366 0.152898 0.000000 0.847102 0.107287
0.865385 0.134615 0.000000 0.548077 0.000000 0.451923 0.106723
0.346252 0.000000 0.653748 -0.000000 0.319123 0.680877 0.107166
-0.000000 0.442520 0.557480 0.186772 0.813228 0.000000 0.106896
0.984399 0.000000 0.015601 0.082839 0.000000 0.917161 0.108866
0.199722 0.000000 0.800278 -0.000000 0.780305 0.219695 0.109259
0.363630 0.636370 0.000000 0.500007 0.000000 0.499993 0.111561
0.083512 0.000000 0.916488 0.208137 0.791863 0.000000 0.114271
-0.000000 0.688888 0.311112 0.942223 0.000000 0.057777 0.115695
0.456611 0.543389 0.000000 0.097728 0.000000 0.902272 0.118135
0.777976 0.000000 0.222024 -0.000000 0.744227 0.255773 0.119363
-0.000000 0.739274 0.260726 0.586799 0.000000 0.413201 0.123887
0.490667 0.509333 0.000000 -0.000000 0.239734 0.760266 0.126556
0.761940 0.000000 0.238060 0.061866 0.938134 0.000000 0.128610
0.020745 0.000000 0.979255 0.877181 0.122819 0.000000 0.131822
0.445540 0.554460 0.000000 -0.000000 0.490094 0.509906 0.137281
0.112890 0.000000 0.887110 0.924179 0.000000 0.075821 0.144135
-0.000000 0.597600 0.402400 0.142639 0.000000 0.857361 0.147508
0.999121 0.000879 0.000000 0.399034 0.600966 0.000000 0.154310
0.312347 0.000000 0.687653 0.843582 0.000000 0.156418 0.158685
-0.000000 0.368700 0.631300 0.094430 0.000000 0.905570 0.162478
0.636129 0.000000 0.363871 0.899742 0.000000 0.100258 0.175205
-0.000000 0.010441 0.989559 0.188515 0.000000 0.811485 0.179957
-0.000000 0.649885 0.350115 -0.000000 0.514873 0.485127 0.183451
0.279220 0.720780 0.000000 0.207142 0.792858 0.000000 0.188477
-0.000000 0.106000 0.894000 -0.000000 0.216600 0.783400 0.203711
-0.000000 0.696189 0.303811 -0.000000 0.865808 0.134192 0.208267
0.274556 0.725444 0.000000 0.502012 0.497988 0.000000 0.214207
0.602771 0.000000 0.397229 0.263048 0.000000 0.736952 0.225883
0.057291 0.000000 0.942709 -0.000000 0.336980 0.663020 0.230884
-0.000000 0.999810 0.000190 0.499791 0.500209 0.000000 0.242499
0.993185 0.000000 0.006815 0.392504 0.000000 0.607496 0.255119
0.507907 0.000000 0.492093 -0.000000 0.141302 0.858698 0.261169
0.033977 0.000000 0.966023 -0.000000 0.662625 0.337375 0.266811
-0.000000 0.427730 0.572270 0.170503 0.829497 0.000000 0.272904
0.310417 0.689583 0.000000 0.858542 0.000000 0.141458 0.286565
0.731633 0.268367 0.000000 0.395203 0.000000 0.604797 0.293320
0.860382 0.000000 0.139618 -0.000000 0.053580 0.946420 0.299957
0.465593 0.000000 0.534407 -0.000000 0.487847 0.512153 0.306545
-0.000000 0.283798 0.716202 0.312177 0.687823 0.000000 0.319938
-0.000000 0.977098 0.022902 0.925192 0.000000 0.074808 0.334263
0.301879 0.698121 0.000000 0.567933 0.000000 0.432067 0.341625
0.908987 0.091013 0.000000 -0.000000 0.099885 0.900115 0.355880
0.809368 0.000000 0.190632 -0.000000 0.409696 0.590304 0.363212
0.542285 0.000000 0.457715 -0.000000 0.703486 0.296514 0.370489
-0.000000 0.171302 0.828698 0.488432 0.511568 0.000000 0.392391
-0.000000 0.379317 0.620683 0.717249 0.282751 0.000000 0.400028
-0.000000 0.571984 0.428016 0.929183 0.070817 0.000000 0.407703
-0.000000 0.749276 0.250724 0.875797 0.000000 0.124203 0.415388
0.189200 0.810800 0.000000 0.391880 0.000000 0.608120 0.438379
0.305150 0.694850 0.000000 0.264335 0.000000 0.735665 0.446028
0.405652 0.594348 0.000000 0.153782 0.000000 0.846218 0.453740
0.560098 0.439902 0.000000 -0.000000 0.016108 0.983892 0.469234
0.613986 0.386014 0.000000 -0.000000 0.075385 0.924615 0.476997
0.674993 0.325007 0.000000 -0.000000 0.142492 0.857508 0.492539
0.673713 0.326287 0.000000 -0.000000 0.141084 0.858916 0.508075
0.649672 0.350328 0.000000 -0.000000 0.114640 0.885360 0.515855
0.610017 0.389983 0.000000 -0.000000 0.071019 0.928981 0.523636
0.554776 0.445224 0.000000 -0.000000 0.010253 0.989747 0.531402
0.397683 0.602317 0.000000 0.162549 0.000000 0.837451 0.546879
0.295853 0.704147 0.000000 0.274562 0.000000 0.725438 0.554599
0.178548 0.821452 0.000000 0.403598 0.000000 0.596402 0.562302
0.045785 0.954215 0.000000 0.549636 0.000000 0.450364 0.569996
-0.000000 0.734176 0.265824 0.892406 0.000000 0.107594 0.585243
-0.000000 0.361948 0.638052 0.698143 0.301857 0.000000 0.600302
-0.000000 0.153210 0.846790 0.468532 0.531468 0.000000 0.607789
0.309322 0.000000 0.690678 -0.000000 0.959745 0.040255 0.622732
0.563213 0.000000 0.436787 -0.000000 0.680466 0.319534 0.630240
0.831491 0.000000 0.168509 -0.000000 0.385360 0.614640 0.637386
0.277196 0.722804 0.000000 0.595084 0.000000 0.404916 0.658829
-0.000000 0.951369 0.048631 0.953494 0.000000 0.046506 0.665924
-0.000000 0.611386 0.388614 0.672525 0.327475 0.000000 0.672956
-0.000000 0.257491 0.742509 0.283240 0.716760 0.000000 0.679877
0.887518 0.000000 0.112482 -0.000000 0.023731 0.976269 0.700282
0.704646 0.295354 0.000000 0.424890 0.000000 0.575110 0.706598
0.283367 0.716633 0.000000 0.888296 0.000000 0.111704 0.713227
-0.000000 0.401648 0.598352 0.141813 0.858187 0.000000 0.726256
0.058964 0.000000 0.941036 -0.000000 0.635140 0.364860 0.732792
0.983830 0.016170 0.000000 0.417787 0.000000 0.582213 0.744565
-0.000000 0.979659 0.020341 0.477625 0.522375 0.000000 0.756133
-0.000000 0.458707 0.541293 -0.000000 0.904578 0.095422 0.762583
0.073961 0.000000 0.926039 -0.000000 0.318643 0.681357 0.768445
0.617058 0.000000 0.382942 0.278764 0.000000 0.721236 0.773580
0.265739 0.734261 0.000000 0.492312 0.507688 0.000000 0.783553
-0.000000 0.690321 0.309679 -0.000000 0.859353 0.140647 0.789435
-0.000000 0.103661 0.896339 -0.000000 0.214027 0.785973 0.795087
0.492112 0.000000 0.507888 0.441323 0.000000 0.558677 0.799570
0.289255 0.710745 0.000000 0.218181 0.781819 0.000000 0.808145
-0.000000 0.030105 0.969895 0.166884 0.000000 0.833116 0.818522
0.612207 0.000000 0.387793 0.873428 0.000000 0.126572 0.822427
0.079441 0.920559 0.000000 -0.000000 0.687385 0.312615 0.830253
-0.000000 0.411373 0.588627 0.047490 0.000000 0.952510 0.835097
0.263487 0.000000 0.736513 0.789835 0.000000 0.210165 0.838427
-0.000000 0.669513 0.330487 0.063536 0.000000 0.936464 0.849174
0.033861 0.000000 0.966139 0.837247 0.000000 0.162753 0.852367
0.742839 0.000000 0.257161 0.382877 0.617123 0.000000 0.854983
0.542261 0.457739 0.000000 -0.000000 0.596488 0.403512 0.857829
0.637222 0.000000 0.362778 0.199056 0.800944 0.000000 0.865750
0.626053 0.373947 0.000000 -0.000000 0.388658 0.611342 0.868450
-0.000000 0.884965 0.115035 0.426539 0.000000 0.573461 0.870608
0.610227 0.000000 0.389773 -0.000000 0.928750 0.071250 0.874454
0.636126 0.363874 0.000000 -0.000000 0.099738 0.900262 0.876621
-0.000000 0.120211 0.879789 0.432233 0.567767 0.000000 0.879517
0.592472 0.407528 0.000000 0.248280 0.000000 0.751720 0.882090
-0.000000 0.825677 0.174323 0.908245 0.091755 0.000000 0.882760
-0.000000 0.057071 0.942929 0.062778 0.937222 0.000000 0.883605
0.714175 0.000000 0.285825 -0.000000 0.214408 0.785592 0.884919
-0.000000 0.742238 0.257762 0.516462 0.483538 0.000000 0.885054
0.031101 0.000000 0.968899 -0.000000 0.665789 0.334211 0.885693
0.805382 0.000000 0.194618 0.185921 0.000000 0.814079 0.886156
0.421395 0.578605 0.000000 0.963535 0.036465 0.000000 0.885420
0.124603 0.000000 0.875397 -0.000000 0.262936 0.737064 0.885569
0.333569 0.666431 0.000000 0.566926 0.433074 0.000000 0.883261
-0.000000 0.565044 0.434956 -0.000000 0.721549 0.278451 0.882681
0.968033 0.000000 0.031967 0.964837 0.000000 0.035163 0.880910
0.271131 0.728869 0.000000 0.198244 0.801756 0.000000 0.878552
-0.000000 0.510976 0.489024 -0.000000 0.362074 0.637926 0.878254
0.252382 0.747618 0.000000 -0.000000 0.877620 0.122380 0.871878
-0.000000 0.506095 0.493905 -0.000000 0.056704 0.943296 0.871079
0.235476 0.000000 0.764524 0.759024 0.000000 0.240976 0.868711
0.971745 0.000000 0.028255 0.431081 0.568919 0.000000 0.865845
0.150659 0.000000 0.849341 0.965725 0.000000 0.034275 0.858259
0.865108 0.000000 0.134892 0.248382 0.751618 0.000000 0.854679
0.426306 0.573694 0.000000 -0.000000 0.468937 0.531063 0.851680
-0.000000 0.026900 0.973100 0.929590 0.070410 0.000000 0.845596
0.661677 0.000000 0.338323 0.172155 0.827845 0.000000 0.841520
-0.000000 0.982277 0.017723 0.319495 0.000000 0.680505 0.834211
0.342602 0.000000 0.657398 0.223138 0.776862 0.000000 0.825926
0.992988 0.000000 0.007012 -0.000000 0.507713 0.492287 0.822162
0.366187 0.633813 0.000000 0.197195 0.000000 0.802805 0.817347
-0.000000 0.733457 0.266543 0.893197 0.000000 0.106803 0.813233
0.504374 0.000000 0.495626 -0.000000 0.745189 0.254811 0.804033
0.890726 0.109274 0.000000 -0.000000 0.079798 0.920202 0.799197
0.296872 0.703128 0.000000 0.573441 0.000000 0.426559 0.793598
