0.5125897294549181
0.5203240079220924
0.5276174153020577
0.5355056910982483
0.5437910096224823
0.5524920737913147
0.5615737841283469
0.5709946973824427
0.5807030979911859
0.5906486568052787
0.6007935228255344
0.6079880524848342
0.6072567764220195
0.6059271680222756
0.604717639893955
0.6036129507892014
0.6077717643571316
0.6164584084096246
0.6279912206904252
0.6424414942351057
0.6597286987777563
0.6779590399181226
0.6896331382455115
0.6885453890125166
0.6799602609927704
0.679065399443822
0.6850799011640973
0.6982246778832238
0.7167113844294797
0.7378836905133326
0.7426085466232977
0.7338383086029323
0.7323674574703752
0.738706593204729
0.7554521583111098
0.7732759724672574
0.7789479627678629
0.776339167465887
0.7741220979421871
0.7856849294993773
0.7991004797057842
0.8045372933215867
0.8118414439250202
0.8071786841908116
0.819187062079297
0.8227502973161507
0.8243660728944944
0.8370924581673171
0.8413496142284425
0.8490971722405689
0.8354935731510793
0.8499654752216609
0.8616771205236292
0.8699087272858319
0.8540941843415016
0.8587198379210003
0.8800120808978168
0.8875263473051668
0.8667832555857611
0.8660149177155136
0.8938220791917477
0.89793102815647
0.873829466085108
0.8726299191358288
0.9064397184689602
0.9025698348317324
0.8808928968385272
0.88179557226444
0.9183947734443002
0.9020751696752984
0.8848842501643223
0.8967714865351852
0.9204296589013738
0.8988596018763695
0.8864932477425378
0.9093586795567024
0.9173866079470827
0.8970704839731185
0.8971163811164293
0.9118575719618028
0.9097032226115479
0.8936225662640795
0.9042922725439996
0.9057752934575273
0.9044158343454429
0.8978798940878834
0.9025461206845808
0.89563418372677
0.8973297266838395
0.8997716294821252
0.8911209584737061
0.8887435439574526
0.8943069896742301
0.8983944012324976
0.8776232776378525
0.8779135617983602
0.8927084102779682
0.8888838231650623
0.8628545635343865
0.8629173166540356
0.8871575981027828
0.87847202379031
0.848917955605178
0.8424362655137587
0.869082779222154
0.8693185042622069
0.8358479485234656
0.8239571921982443
0.8405657758419199
0.8618071242914745
0.8303381159093619
0.8070915645548339
0.8032128458609432
0.8260464466118695
0.8284443237716032
0.7964362372519076
0.7795958379730186
0.7793848477846692
0.7941212076461504
0.7927115694245993
0.7698121849109945
0.7526394943229766
0.7459585918102501
0.7495803725419906
0.7525920217226584
0.7438733729761375
0.7291146382929493
0.7147122276777768
0.7070431556025464
0.7053507634830238
0.7054706719167753
0.6955070988997913
0.6858325495385101
0.6788978460027855
0.6682311859544453
0.6590178297972721
0.6526091496367253
0.6468121743699485
0.642917865801802
0.6330316810008698
0.6232020903074346
0.6148176174237697
0.6062296696993817
0.6010879197516104
0.596094749380835
0.5899541353037587
0.5818119819719398
0.5744761857435059
0.5668721499046742
0.5590156619129437
0.5510039487466578
0.5429023033526096
0.5347748525139733
0.5266848817030062
0.5186941169539724
0.5108559258796557
0.5032735485069207
0.4957696521333069
0.4885459016441442
0.48152205638620516
0.4746822213745656
0.46801898921678964
0.46152336445007786
0.4551803220777138
0.448962983908529
0.4428325221653945
0.43551102385102136
0.4287755622904079
0.42088844593124264
0.4116520147107844
0.4026201480550808
0.3970192776495201
0.39251482045156405
0.38430842109901847
0.37631924748811807
0.3628355804129279
0.3521202251655744
0.3487361168236622
0.34123424503991456
0.3366120784390507
0.3295696216616838
0.32858936751459883
0.32528069848278274
0.3079751898782542
0.29173234665385855
0.2828431716919791
0.2781298398309201
0.2796501296318619
0.28353600342659224
0.2745836960555217
0.25431492666014305
0.2344766929689304
0.22933193342643438
0.24225513801309434
0.24838125343977246
0.23118782935315546
0.20257696124758032
0.1894130681967314
0.21023921234649615
0.21765721941205324
0.20391334109361672
0.16887429843417612
0.16398009935475388
0.19182349551082706
0.1903205644707427
0.1633694356049027
0.13359945915698732
0.15731654084957647
0.17130497720205262
0.15582881484017158
0.1218193190244318
0.13521402707976354
0.15494000865511443
0.13981917785372588
0.11305523885138336
0.12255032205930698
0.1414415506811777
0.12306850167994111
0.1070036347648013
0.11337999980807312
0.1295911339119815
0.10771593064290375
0.1040545109212655
0.1082775265170338
0.11282049095900958
0.10224531877986817
0.10340156714519043
0.10665028913840092
0.09886403243188366
0.10488123162653984
0.10013259798658417
0.09470515791405099
0.0967325802577389
0.10923912847734091
0.09889612484723269
0.08693890847388108
0.10475870316131708
0.10767749082942181
0.08578631825737205
0.09318476247828122
0.11342936633893463
0.10613975039432404
0.08109773164450533
0.10793722607544512
0.1193759192871146
0.09750439624090118
0.09044836061560362
0.12222286943593624
0.1253494773901576
0.09541900566106797
0.10431874655371107
0.13233982285004484
0.12493619375386064
0.10422349517928077
0.12004436859659172
0.14454282982903596
0.1311686921216961
0.120582541395473
0.13169288945874874
0.15495748050832617
0.1431944871516396
0.1412928197119479
0.14539828461277288
0.16495660043112323
0.1609913972608655
0.16603120168385554
0.16993210862367633
0.17504574284000085
0.17994854211729483
0.18460557725385948
0.20152330015339145
0.19656317620599492
0.19676104415272186
0.20243985964136155
0.220273511234962
0.23910785058848738
0.23047188498743806
0.22094285921464904
0.22739118596504856
0.25238131595003643
0.2741007720214106
0.27614363593767505
0.2672429199799171
0.2548888831954547
0.26580938327226566
0.2950037962579147
0.3180481594771881
0.32377474809782947
0.3214014730387748
0.31066334154864617
0.3041429105340971
0.3145536251438854
0.33758439615193103
0.36276856678618863
0.3768422624061104
0.38203718344200044
0.38501358429776805
0.3831274331428082
0.37858346229594664
0.37756470286410426
0.37972379842636356
0.38771452952473173
0.4028489230006105
0.4181693415071446
0.43331379565011285
0.4482458838507672
0.4612868592851349
0.47101676664196296
0.4781117413602279
0.4846033576602835
0.4910397836388784
0.4975053016349341
0.5040786335710981
0.51082832502105
0.5178016637138699
0.5250313917677107
0.5327151319319732
0.5406700094634304
0.5488580948605717
0.5572895439983716
0.5659623846781977
0.5748730361195028
0.5817034733191849
0.5862512083487385
0.5871264152416508
0.5875975600962529
0.5879653075677008
0.5882848303226736
0.590039482682937
0.5979299935737684
0.6082029933211268
0.6208608301576081
0.6363220084122987
0.6535409670137535
0.6703938955665681
0.6848307753844286
0.6790158262296604
0.6711948796451533
0.6676134578460092
0.6742079651986568
0.6862264554263313
0.7062498594969757
0.7304167134803905
0.7404675276446714
0.7299080856942295
0.7228299003148879
0.7263705993004038
0.7408578733467275
0.7652960404303297
0.7786236963743379
0.7723957696190059
0.766204213091333
0.7697788470936193
0.7875360090310555
0.8044337145391026
0.8082797753505321
0.8020531126258162
0.8037036581271829
0.8197991669177539
0.8259112469290101
0.832385533446549
0.8286597745860165
0.8374503716146648
0.8427577934555165
0.8426769587387017
0.8539137449571964
0.858216439587477
0.8629321648097819
0.8512393683410983
0.8668481102049591
0.8773961891403378
0.877736348012146
0.8598811284632185
0.8750745484895044
0.8942201687399457
0.8870599207258626
0.8703243106794518
0.8821339056996002
0.9085534807292075
0.8914183392429519
0.8776016942807721
0.8961775609182454
0.9173723086401129
0.8907954358677717
0.8817881719059513
0.9098655353527751
0.9152626974476871
0.8910777294557749
0.8880123518681575
0.9209712585626417
0.9089572128947627
0.8905486330620012
0.8988251749408251
0.9180332216091434
0.9027500460189842
0.8910848077618645
0.9065770399577847
0.9111833974903274
0.8972871536526014
0.8975108542398517
0.9017820403872
0.9035866612759534
0.8909780063068722
0.899773027252924
0.8912017115629842
0.8964128870464241
0.8927206160175529
0.8942490045791421
0.8764133546657735
0.8860120042371298
0.8905843318534308
0.8815108056683199
0.8606539901776399
0.8722441808268859
0.8850337703139811
0.8683815380093873
0.846755461424332
0.8540193541641518
0.8758120997282045
0.8578001432926343
0.8316824681807792
0.8291961347856309
0.855765347589383
0.8512905031777248
0.8175598979195495
0.805332876836001
0.8173975651010329
0.841232726971594
0.8163671358626534
0.7877395912604954
0.7783145777812813
0.7901946917784264
0.8070288519894632
0.7880088018454949
0.7610379458945659
0.7486519657600316
0.7505325478369554
0.7626188729519068
0.7596043551494448
0.7400614593316168
0.7211326037772788
0.7103392844789518
0.7093547974842221
0.7117762971025176
0.7104928430107621
0.7006683651951754
0.6874583370508766
0.6733601406821798
0.6632632422239539
0.6573639344724925
0.6540708649863521
0.6522660001910907
0.6456867032224121
0.6369409724029433
0.6274543573860134
0.6176801132840407
0.6117483103351329
0.6020254044808203
0.5930630843579819
0.5855037158482493
0.5783732636217465
0.5706604149437232
0.5628018330425137
0.5563329070306366
0.5500867960179299
0.5438975644082501
0.5376767458437244
0.5313252444735983
0.5247632165309989
0.5179346677783281
0.5108082159599715
0.5033714120396916
0.49562847802291954
0.48757822319422145
0.47922987139257733
0.4706073449460672
0.4617528847456065
0.4527284085090181
0.44360748818702894
0.43568149223613606
0.42965643159854067
0.42369052016339925
0.41589624788302526
0.40912629796551736
0.4039565571495451
0.3970387621550419
0.3908561175316612
0.3873804508657668
0.3843040893279113
0.3781168771043894
0.36243429791015747
0.3475334129011751
0.33675838604435626
0.328182380994417
0.32392249248772076
0.3236756556708005
0.324646888075693
0.32572034637295727
0.30677975908491417
0.28802833990120147
0.2704738117925646
0.26565268640031425
0.2757521031236671
0.2822106211311023
0.272864065712125
0.2503551461738949
0.2223601034346684
0.2222018061758694
0.241447683796563
0.24348685990645264
0.2272314958592938
0.19292284434616516
0.18525578823281721
0.21043000223367783
0.21317017743154917
0.19449630684062166
0.15870581091794217
0.16481372493638285
0.18985191919798525
0.18592387276699765
0.15188007013948338
0.13496979609946394
0.16029877233044523
0.16830866616507392
0.14303668936431285
0.12347562497420023
0.1389503806557098
0.15296660649622665
0.1283954332946612
0.11555599418033904
0.12461509105504176
0.1351498518841904
0.11281060804713397
0.11087729226204296
0.11580311093536072
0.1173847144685748
0.1079443683925246
0.10787145275638138
0.11109853891189762
0.10257561191772528
0.10830165047389269
0.10314691778612246
0.09725379244885812
0.09838165908303045
0.11148332933506658
0.1004480727094734
0.0876004068849318
0.1042791385289397
0.10812590400462008
0.08640146840018549
0.09117629192058571
0.1118388086272113
0.10553306669914646
0.07917880715241411
0.10438077136339927
0.1158759255145977
0.09401599431704996
0.0870162294017731
0.1174703129462565
0.11896181158838523
0.08894844068772072
0.1007105685600968
0.1258634219190482
0.1152703171099688
0.09716258770105084
0.11522809419143727
0.13619186644842296
0.11797619917474847
0.1113195288838939
0.1265659166408254
0.1421938074727234
0.12611664931623806
0.12943802546065525
0.13816156171895846
0.15018477256323312
0.1416605438702087
0.15161367500764564
0.1507214172792995
0.1600581776604286
0.1591268747285551
0.17744902234540716
0.17581410016059743
0.1749883766878171
0.1779919055016483
0.1952542019252023
0.21149913894542466
0.20259966703332855
0.1940070132694411
0.2045172086733513
0.23130424306867134
0.24552141069048503
0.23734173983685192
0.22061628857121712
0.22856358756495287
0.261430171080888
0.2815115005812311
0.2849229761959275
0.27264160094270307
0.2595787085317174
0.2695443632318814
0.29796886102687037
0.3242702680884315
0.33044824204028356
0.33206036807700984
0.32119468645435817
0.31399787122761746
0.31576199465787996
0.33727442845479133
0.3610827344724078
0.3812643562821619
0.38885404771011844
0.3932177006913058
0.3952661761058881
0.3945359008242703
0.3922039883184159
0.3927122007677341
0.3961844377205106
0.40408038422378273
0.41346963547607857
0.42715605586755334
0.44076868683809584
0.45397118660219526
0.46670329760058005
0.47639535656363885
0.4851311147871993
0.49350082664277123
0.5015405939960697
0.5092909117600627
0.516791938456984
0.5240804885379206
0.5313562599938134
0.5385119220226834
0.5454608307279291
0.552217136723278
0.5587648474326051
0.563495191069467
0.5660501724156175
0.5681683150532143
0.5700405636020159
0.5723240597504697
0.5764908582617091
0.5819444349798949
0.591281197976824
0.6026677045636363
0.616210588407181
0.6314353158495972
0.6472993514657596
0.6628689215688534
0.6739089250481606
0.6690833739795845
0.662272663130369
0.6574518402235515
0.6644692557068442
0.6766064277198185
0.6962118780318912
0.7194895937921482
0.7381237476555574
0.7268763208811428
0.7141843852786508
0.716196641017503
0.7261832105113609
0.7506432814512717
0.7773746447012061
0.7745821630733251
0.7598830207621047
0.7587782587232371
0.7715355771347374
0.7984622349195049
0.8098192449676234
0.7987140703177569
0.7930245644093885
0.8034673298204424
0.8248201510496761
0.8318373361495557
0.8267494480499997
0.821888402326963
0.8374255696348223
0.8445032324768188
0.8505114616633854
0.8457782250515945
0.8548246425927679
0.8569453091997702
0.8598417245361837
0.8658137555918668
0.8730799187908115
0.8713876537385508
0.8678805454792053
0.8806212608256112
0.8903472291592991
0.8805490881239775
0.8749015356421049
0.8936651259430004
0.9047523925145883
0.8846536106684312
0.8810371460066538
0.9076803431684951
0.9081918913781442
0.885266540724417
0.8859440139424457
0.9201446534524049
0.9056126477795539
0.8873098737576989
0.8989089503430828
0.9248685186109944
0.8982345676592154
0.8868540878593872
0.9110496121452725
0.9183782335049515
0.8947477446030239
0.8925373338136535
0.9163673184726332
0.9080254752605322
0.8898923959618383
0.8987853784946604
0.9092648405283849
0.9006896524780513
0.8891485890021081
0.9009545088803123
0.8984652484844503
0.892714290607592
0.8900812154258936
0.8896104631097739
0.8858249870795691
0.8840295044480867
0.8868623100790979
0.8763194793776713
0.8724272695697891
0.877151487647887
0.8812391916191207
0.8623372795718911
0.8540190458406516
0.8671009075525172
0.872858241555348
0.848772060546082
0.8304921372212033
0.8422423756658041
0.860436114274705
0.839062901540784
0.8132096248157342
0.8100112257652349
0.8335338082764226
0.8358692909711178
0.8029635019417143
0.7846726497178735
0.7837407459406794
0.8069727517960976
0.8064477347162085
0.7744788264526695
0.7551166512531775
0.7497763913327615
0.7632293104500487
0.774679372538976
0.7562952763624021
0.729328754668178
0.7157411578709114
0.7123834195916059
0.7164871456588477
0.7254467236206263
0.7157462441732798
0.6970010649416668
0.6791905513742644
0.6680074223557089
0.6626996193040336
0.6614998763876595
0.6616414241428333
0.6599256493425251
0.6504882433768979
0.6397027398872294
0.628049715259084
0.6157336616724405
0.6053833680088538
0.5969572554018836
0.590041554179494
0.5836893304402867
0.5783699993543544
0.5733646386165119
0.5685475055466475
0.5638182950379087
0.5590640424741886
0.552883347586676
0.5453614805224221
0.5380788047735199
0.5305415785004016
0.5230736861041808
0.5157455795622742
0.5085672483053341
0.5016189751678536
0.4948884391088878
0.48813414017979545
0.4809412760788075
0.47383065261960067
0.4646565943831558
0.45439800086076193
0.44391427226148417
0.4333332332652602
0.422743980773064
0.41220377459633367
0.40433563314990956
0.3964037965379805
0.3900240624072284
0.3856688899839237
0.38320887122119085
0.3810139940687833
0.3791619522567098
0.3778668105710412
0.36363433042633675
0.3463455697988588
0.3299451598222403
0.3157613818599228
0.31078081496077214
0.31580503007087646
0.32029513366647056
0.3208580487635169
0.305693690845719
0.28392979163957466
0.2583740714845311
0.25446057066216415
0.27095108768415177
0.2788517697458698
0.26905011122606814
0.24212087530916102
0.21213899953621818
0.21764177109608956
0.2416431703899514
0.23845283503459974
0.21861603286715078
0.18378536250495747
0.1838125146510427
0.20940804051820605
0.20845276969939186
0.18309856354589166
0.1536920051623399
0.1674164569381822
0.18644525034397721
0.17350668735680233
0.14130058601758827
0.13845650510882893
0.1592556914663996
0.15744964906907402
0.13166370211867948
0.12670414740851188
0.1394250481317473
0.1397958425934882
0.12265449886584255
0.12018459803276385
0.12621235462452118
0.12250066430698377
0.1159230233590125
0.1135029013904981
0.11684643143087896
0.10711314945412628
0.11376893606182364
0.10733249288294669
0.10087450801188509
0.10173699788054437
0.11490116070631361
0.10305883021105142
0.08963761953667267
0.10548429314701788
0.10998399207087235
0.08819587871542078
0.09031365519334474
0.11158618511549735
0.10668097433177988
0.07855024997371775
0.10168324223063406
0.1139419351019713
0.09277465532377202
0.08415912913887967
0.11406875700788408
0.1152227613432242
0.08503340815795016
0.097069785750534
0.12073082402819152
0.1086113125018878
0.0917521227040113
0.11050570276175338
0.12821649298835525
0.10824877361787195
0.10424927051701505
0.12149308728893539
0.12839743390733405
0.11747771165913151
0.12080841339659469
0.13276456733835384
0.13489096808668907
0.13364468047602243
0.1384088002831209
0.14391955063904532
0.1459358001912127
0.15138121393230144
0.1606534474971549
0.15547223203652966
0.15619010870364583
0.1688890533945707
0.1898525246458958
0.18121444734148492
0.17089233256238273
0.1800491466535679
0.20693655667559208
0.21847533975581732
0.2064781100265529
0.19240548012782388
0.2119697922470863
0.24299772994767727
0.25159613783797796
0.24199577725083668
0.22379205264884158
0.23432646105269506
0.26738921895095696
0.2873411574254366
0.29108924499519273
0.2794502816763509
0.26687257150568566
0.27325653128497096
0.3007473240535136
0.32811518798602884
0.33646617459847594
0.33917345401368937
0.3331564841946861
0.3255185758559825
0.3259432092135823
0.33750047169729847
0.3594500494641699
0.37924472736753606
0.39292880153803666
0.40022420368132633
0.4044231098077633
0.4053275110358204
0.407200189785934
0.4085971021372117
0.41008817499882255
0.4148031119813189
0.42199860207523154
0.4299666403185379
0.4384965999040265
0.44744055375789343
0.4582597183413602
0.46929578382371223
0.4797376351045569
0.4895032080267988
0.4981517366519252
0.5059505395404553
0.5134622315237405
0.5207878894749972
0.5273564041173321
0.5328771258664001
0.5377834676026193
0.5421527646537324
0.5465108438003794
0.5518488230260068
0.5572662352041982
0.5628485237641027
0.5687383219476959
0.5766310466572228
0.5872557806701062
0.5993422624047471
0.6122675936871839
0.6260833542729932
0.6405633540852135
0.6530006966886092
0.6594913550594861
0.6582105055555166
0.6526753630144462
0.6504745146205243
0.6560437459102741
0.6681700934506757
0.686477073995396
0.7086175214664351
0.7277913433992116
0.7223664394581086
0.7104808038805432
0.7072481475745689
0.7160375054555846
0.7364888036082856
0.7647101534430008
0.7748619617583906
0.7586271434519867
0.7506031519969087
0.7565169984786874
0.780693972221302
0.8093992256322863
0.8026704785867221
0.7880060360767712
0.7876208793569487
0.8062895063346183
0.8323493885737783
0.8289723371117466
0.8170780937290872
0.8206618347742786
0.83992436121048
0.8509883940115873
0.8460701955963855
0.8394234648516896
0.855134344409419
0.8610452133196439
0.8674324965365415
0.8588894742106155
0.8713770440757685
0.8672313629199925
0.8763442873527989
0.8769996116234521
0.8869958841114384
0.8745707959813949
0.8838465967390841
0.8934855657007449
0.8967054114366978
0.8781673759978965
0.8898319885155611
0.9075053334319083
0.8985957464474876
0.8822429211088876
0.8972198471028624
0.9183529735099855
0.8961842559909634
0.8846984867110299
0.9113095251672055
0.9169843033049302
0.8920881013828751
0.8850533196488347
0.9218757415591728
0.9093935640646742
0.8897859021985797
0.8980055250856587
0.9219278823009546
0.8998575873922684
0.885849937442828
0.9059792222166652
0.9143089243131013
0.8932030482062605
0.8898117550930225
0.9043382518060414
0.9029376634475731
0.8857156831483932
0.8907310497127308
0.8926147569174804
0.8936126103552591
0.8799338666501366
0.8873702437824396
0.8768624429864013
0.8809472258781401
0.8759264062127974
0.8791640120728433
0.8570833905220654
0.8639603849683654
0.8680015089966471
0.8666727355917471
0.8428258235287114
0.8416536007297682
0.8555803028653689
0.8569934713641273
0.8299900565112699
0.8125015868208958
0.822605602315345
0.8411669000094744
0.8235834248687833
0.7936092620100518
0.7854322422962445
0.8013928548946322
0.8189473712340013
0.7937072781165834
0.7638565869122543
0.754808996993642
0.7619998580419586
0.7794708217811025
0.7724782027698094
0.7424369807807354
0.7225829805398606
0.7163043294865428
0.7205227328126875
0.7325331142718814
0.730842513191637
0.7089772263716511
0.6858194900605094
0.6732302914827458
0.6681116664839405
0.6686263554242079
0.6713325339911765
0.6743783466406718
0.6641080413204107
0.6519079626200742
0.6328058236038046
0.6195243752390744
0.6094473152185566
0.6014873180036181
0.5970335790855764
0.5932489017191072
0.5897604110327898
0.5865414568022842
0.5834758804923623
0.5801371880696196
0.5728344842821359
0.5642089469503295
0.5556499987081054
0.5472322141348701
0.5389951472196403
0.5309740317886157
0.5231876756167877
0.5156388761871632
0.5083203892623761
0.5012871575201479
0.49453813661233276
0.48801828923219503
0.48176713027439094
0.47580147954911417
0.47013478002352105
0.46477725987556795
0.4590206391697542
0.4485014013215255
0.4362788062133093
0.4239554857062423
0.41167775609549595
0.39949692965414835
0.38512715938099007
0.3771799154718817
0.3717792874583826
0.36881915932008263
0.3733254795585189
0.3730720887217073
0.37312899866714005
0.3640133829671422
0.3464786205736214
0.32714176469698114
0.30514622427392524
0.29809184373157394
0.3044829490395323
0.3156194929401366
0.31547953399862794
0.3041524093831717
0.2786285873272903
0.2511327107872736
0.24695895354675448
0.26443472459036893
0.272946241069635
0.26346721231670045
0.23437320077248147
0.20449255611815906
0.2141509946019977
0.23685850764258792
0.23293015250225776
0.20893542962895828
0.17665909410610703
0.18367330782959607
0.20439921595441818
0.20199184119316496
0.1728292143945229
0.15478170300606808
0.16879957082657226
0.1829193733224951
0.16135195403276892
0.14203083207860737
0.14289330659636088
0.15810278234791805
0.14499355545312348
0.13294023836771965
0.12961799198723833
0.13956111798560702
0.12812085414005128
0.12628447204552537
0.12033583810554678
0.12263715191632867
0.11232023600239856
0.12163524563252341
0.11274430447869009
0.10566070790449378
0.10711489887538994
0.11929526226624294
0.10683670658480006
0.09287652511540469
0.10839946693225694
0.11297433962092232
0.09088869552284458
0.09109643123036532
0.11295122296372076
0.10858633403367422
0.07913558758238164
0.1001379525451384
0.11333538821105642
0.0931757514701196
0.08209646963655211
0.11172407061254344
0.1137607239967984
0.08327226286650194
0.0938165713034516
0.11700030568502771
0.10444158012107688
0.08772397086657452
0.1062546444385124
0.1212529319764329
0.10102177160131348
0.09864732598186389
0.11660285704423998
0.11820689118812996
0.10975233123673142
0.11228472860059406
0.12744517358131313
0.12149860970755022
0.12574912553662854
0.1255174436851444
0.13362444459018574
0.13000116634850425
0.1440316606725003
0.14263269829499708
0.141048409045858
0.14337767091201453
0.16271748352055607
0.16543917951885823
0.15305395956436196
0.15392047084985408
0.17999276246902904
0.19540381020575467
0.18538275910374286
0.16846271671090615
0.18891836750982824
0.21950959901464992
0.2242281402714584
0.2056409389254864
0.19158355483964346
0.21973857966016858
0.25150131541961057
0.25723193106745207
0.2451624531041753
0.22832058456263837
0.24018739438559236
0.2732898303236968
0.29283562600668306
0.29691701461198144
0.2877798167271389
0.2756297161628366
0.2790875535942133
0.30354811296025996
0.32782235280452937
0.3417544556476846
0.345339641250019
0.34246736699912106
0.3385051501899315
0.33803583416212496
0.3453218876309564
0.3584102980381877
0.3776188755710918
0.39102987891275565
0.4029123772592159
0.4114694289964251
0.4144385710677626
0.41712694019341773
0.420785631297695
0.42519652733345115
0.4295415568600129
0.43448875596530684
0.44096482033293444
0.44800331201145477
0.4554314265734716
0.4631379837243015
0.47100736639305724
0.47893359103815325
0.4868183181201311
0.4945756290840739
0.5021412292927494
0.5094469356365665
0.5164775890339823
0.5233212943873798
0.530019838441847
0.5366472633449468
0.5432834043430002
0.5500092278942676
0.5568998623048006
0.5642097975532308
0.5741333417613443
0.5845300854945403
0.5955835040103202
0.6074058576774063
0.6200769712595353
0.6316962586034389
0.6387806866626066
0.6450857456787203
0.6466342094076399
0.6436643904859238
0.6439626416235709
0.6486065949672043
0.6614992793878947
0.6784874591039699
0.6981099549629689
0.7135130464859167
0.7167326746129935
0.7060467288456329
0.6992740437964712
0.7067643462268464
0.7235890767601495
0.7503296198107806
0.7715620126561884
0.7593300932826381
0.7436937330859567
0.7473044917822378
0.7628423775804501
0.7954622869461188
0.8067701024321243
0.7872380864082527
0.7803942529077023
0.7888370826117392
0.8214976181957829
0.8369705140919752
0.8158672316897346
0.8093862243759335
0.822668948182977
0.8514474158334784
0.851436005289333
0.8364672715997559
0.8383023582887913
0.8584815172400275
0.8671023347658193
0.8596985775340953
0.8561696536459441
0.8722456995584023
0.8749229691283503
0.8766764314786888
0.8740521051495418
0.8847927988607691
0.8794696795953947
0.8883561381661719
0.8903966007561367
0.8910094874488171
0.8832484322503633
0.8955551296302505
0.9038893778800559
0.8927052722845257
0.888850469017999
0.9072799571876311
0.9116033446489552
0.8896969490189737
0.8925594717630776
0.9183479866569252
0.9071950431477249
0.888776762883719
0.9000029534996488
0.9253099447631933
0.8986202268207024
0.8866924038160451
0.9113241931304472
0.9177814824139058
0.8919980407022139
0.8866845513106777
0.9182212205325089
0.9070718944886879
0.8863540893809627
0.8918033095369005
0.9113458374673546
0.8962146066940181
0.8796244531920762
0.892341969154007
0.899699187927266
0.8874928637712236
0.878270311436307
0.887474133305065
0.8844209476497246
0.878008833474089
0.8732992184769733
0.8744033906989456
0.8654528295447785
0.8679154543722325
0.8655005561722625
0.860803171137216
0.8428148289795286
0.8512816497441577
0.8540522094613812
0.8483327673964007
0.8240932901236206
0.8240435551929424
0.837325179048197
0.8379947902026227
0.8129942413446123
0.7923680207020056
0.7975414989500411
0.8165452260486021
0.8121380351432644
0.780858902615036
0.7619396788403929
0.7615947784742444
0.7785597181487618
0.7876010628963246
0.7591455274045108
0.7310155028812172
0.722230015173875
0.7232265595316685
0.7369797312716545
0.7460666989579462
0.7220155260000851
0.6951796984542137
0.6799103016411583
0.6743755615085205
0.6751918494384139
0.6809304283703147
0.6853666776627354
0.6776287186462995
0.6594116030674174
0.6386400616335414
0.6241253856865806
0.6141544075784499
0.6089145391089655
0.6063652641292788
0.6045074868924984
0.6029336706847647
0.601321124047581
0.5985638968922214
0.5923625969311546
0.5828395215763185
0.5732530325615218
0.5638183041413968
0.5545522707363082
0.5454994610538177
0.5354578680601231
0.5259017613207589
0.5170640885950377
0.508903708443316
0.5013942407544424
0.49451067681165867
0.4882472232286012
0.482637785751827
0.47773243168735957
0.4724073960174056
0.466931370154961
0.4617992512893238
0.4570421258913006
0.4526706635830668
0.4479667057457343
0.4387541979138899
0.4283753175478231
0.4142989180497947
0.4001424088321339
0.3847407374922233
0.3687033944978915
0.3587238668577279
0.3546998670715061
0.3584281523727076
0.3657150651852306
0.367610407067188
0.35955301108145105
0.347430031124881
0.3253131793190208
0.30123312159418736
0.2860132029708033
0.29381334936068887
0.3091968545797939
0.30950011766773794
0.298816262345179
0.2735805860270361
0.24532248638790705
0.24023644967035934
0.2589051634073098
0.26690580789726076
0.25752618536323985
0.2271887306726516
0.2021977434526901
0.21198037628325728
0.2296969799105818
0.22686062520437864
0.20005730367592772
0.1770205587429715
0.18522337068355205
0.19963659410070406
0.18893004297345803
0.16374602106073452
0.15705694525097208
0.16670023539890935
0.17347297815316595
0.15059104825803998
0.14438311708532367
0.14257970971005254
0.15092414525111938
0.13431881536925427
0.13587403438655912
0.12847326042933707
0.1297451791009249
0.12107301228728913
0.13046403511272694
0.11930792619674181
0.11174755371070956
0.11486300766490896
0.12446201060241407
0.11150144392081975
0.0974947380027536
0.11351873754504534
0.1171077505352403
0.09422346647425188
0.09379158301683586
0.11578662506884292
0.11118808248745547
0.08078418440777893
0.10022589657098685
0.11426618690605196
0.09507036566311984
0.0812579838787589
0.11042080034438564
0.11412894725909037
0.08314660209381759
0.09118287601921436
0.11457917196797143
0.10233546850194279
0.08501148478207785
0.10277485091586433
0.1170483337327885
0.09620839961545889
0.09428823489911631
0.11216753918279643
0.11103097648534668
0.10313849613061912
0.10516592773036455
0.12204208848939375
0.11132024938612145
0.11669547013437856
0.11573619190230565
0.12256149898404964
0.12007117647721789
0.1351947183743772
0.12938179412792092
0.1275159515873647
0.13600908617816657
0.15569029651247038
0.14661080710880312
0.13608091880173007
0.1526568503533155
0.17465671197736185
0.16977617583419677
0.14852250703593975
0.1601199281661119
0.19276847468648106
0.2005574218116873
0.18182276422423166
0.1668713676913181
0.19837326585448473
0.22520359673775958
0.22894433032057096
0.20664135204598882
0.19574038635345825
0.22792080822446625
0.25701139497348785
0.26238649412212817
0.25003020451077157
0.2343271015914722
0.24606674588613758
0.27796749719072084
0.29791084876318397
0.3016909999124251
0.29548300988272885
0.2856804861591434
0.29047438399267633
0.30652048151356276
0.32777221549214375
0.34374877879099053
0.35074839111710676
0.34971096737679047
0.3505015524806856
0.35151760932693066
0.35713062581336424
0.3655463448986443
0.37676180813340243
0.3895663105389928
0.40125238510465155
0.41188242701868377
0.4211426728897331
0.4257203591195335
0.42993484465591125
0.4348760653475288
0.4403643828687254
0.44625299771933397
0.4531268740960647
0.4609880103233352
0.468083281037331
0.47477780926762775
0.48168015295999367
0.4887502718622432
0.4959304898204902
0.5031771330295071
0.5104305896302458
0.5176308697603287
0.524851627567469
0.5321029498974886
0.5394297707551092
0.5462336901305314
0.5528939343128733
0.5615302579394926
0.5706865593487846
0.5803353998946986
0.5905767025350714
0.6015021990739499
0.61031478761213
0.6176812697579924
0.6246511908226987
0.6310897593151956
0.6353543668796976
0.6359502203038094
0.6380922573368031
0.6421821022801815
0.6556208734466251
0.6708671516750442
0.6876081547593156
0.6992611479209593
0.7063954617712758
0.7008020377536627
0.6959271638481807
0.6985881044712158
0.7144798385239185
0.7361189604302822
0.7570339327321035
0.7583963334964189
0.7440189560608532
0.7395059125934197
0.7499697843658647
0.7779827165992912
0.8047054796443097
0.7919406432004634
0.7748843543826465
0.7778188150952954
0.8013079477212844
0.8351078751498363
0.8232805851469016
0.8052603283672122
0.8059419184893927
0.8341319800873139
0.8572367301064157
0.8378229274774168
0.8283941243384686
0.8401075173099017
0.8682383877366029
0.8651456347528441
0.8505512045186638
0.8561072551473202
0.875707267250403
0.8795959024371038
0.8683445201928132
0.8725522075152293
0.880724935340813
0.8852293734367463
0.8807505931969595
0.8878493406838173
0.8856744572925042
0.891943791173981
0.891568782082101
0.9009833881155622
0.8870522866797264
0.8969530268049194
0.905372713176856
0.9039448262236863
0.8854108252248565
0.9000256234031365
0.9155948678510436
0.899931856815127
0.8887018557405229
0.9117737899741898
0.9172842862150717
0.8922163042293979
0.8897350372887366
0.9218385893051142
0.9086117772660562
0.8883762451147064
0.8971146237412929
0.9240767063684305
0.8966581683375415
0.8828106724869578
0.9033567608478205
0.9141778656862197
0.888274438012254
0.8802149771005751
0.9040430028649001
0.9021755652549518
0.8797994077082628
0.8793456312950704
0.8922920632336658
0.88900777036924
0.8708144859866856
0.8737806231060316
0.875068671305048
0.8739893695442964
0.8611726569709308
0.8637215310506823
0.8561010260573676
0.8535050056758238
0.8507388167625848
0.8508013900097496
0.8424251783301145
0.8261185195268286
0.8341012408181022
0.8358396906510662
0.8310095475678582
0.8068774006372991
0.8007567451633572
0.8089299567978179
0.8153427485171056
0.7990996512431899
0.7735717445558232
0.7658222947077556
0.7754341606618621
0.7887919022765444
0.7758364183253667
0.7466016385924545
0.7298142634804263
0.7281527528020485
0.7398622153286565
0.751072612567871
0.7352973209174171
0.7079136696472466
0.6877392172296538
0.6814013832309166
0.6812838580719577
0.6894438021275793
0.694703963107341
0.6901184280208768
0.6671258122754228
0.645424304441137
0.6292802611729107
0.621483464222716
0.6177361470142072
0.6167773367163348
0.6168717220331905
0.6168309722925442
0.6151630384158937
0.6120570442131296
0.6025092243671278
0.5916886099190296
0.5787276880817807
0.5654010468615264
0.5530882242150477
0.5417103931016084
0.5311344955399389
0.5219250204018816
0.5135517307268014
0.5055075720859815
0.49773359207413803
0.4902182241105437
0.4829226595969525
0.4757448369497404
0.46891851758672937
0.46246868807647273
0.45713484615915273
0.4529440977079457
0.4495775920930992
0.4471636702266959
0.4458802968065056
0.44362854136504576
0.4405301978622318
0.4354250543935013
0.4262999382850017
0.41605146505201307
0.4033347163391918
0.3868242982160717
0.3682603100407834
0.35177904976985624
0.341461261222693
0.3442426945845439
0.35164671363530026
0.36110697924176655
0.35417018090004515
0.3430637587503707
0.3239760173899477
0.2982647118876891
0.2774718875526885
0.28409703863504143
0.3001086172235515
0.3029999202424737
0.29302924738386926
0.26899690174320184
0.24007220733054202
0.2343408661234241
0.25359326013777816
0.2607401122338769
0.24722852571969756
0.2202669505963196
0.20231985798514004
0.2111581706616844
0.22302356385481137
0.21441270445343838
0.19146348462706908
0.1783145884075507
0.18250772580288205
0.1948068626341766
0.17738481686401875
0.16484022137959656
0.1604363369444446
0.16453209473720282
0.16070428900628597
0.1490175405869488
0.14876779802737752
0.1421047536976662
0.13920719258518177
0.13479069720514839
0.13933979787666614
0.1271048738183179
0.11950289196708282
0.12534493479229697
0.13025121912195606
0.11452821473808805
0.10348090344344146
0.12110783011384621
0.12207170174449163
0.0977633531271863
0.09879533283105348
0.12025853700318148
0.1149207184168309
0.08364281827744728
0.1024043318875333
0.11672143098336986
0.09790803061573898
0.08167744267438903
0.11051156425841632
0.11525483331702868
0.08438456460351967
0.08972400496323013
0.11368463367291523
0.10209051036454539
0.08355477170684485
0.10016025174273999
0.11503368231389093
0.09384214849009666
0.09107799680894953
0.10839301153095733
0.10637217281824374
0.09837560484640197
0.09995254650789977
0.11565011038158607
0.1038658827489105
0.10985813410919941
0.10837935410914853
0.11414569012505664
0.1137856724292005
0.12507522435431784
0.11920944090678244
0.11721962619244108
0.12942985849322483
0.13993714702405854
0.12995271679429243
0.12375449185915405
0.14665714663899496
0.1603301335683114
0.14466474605671195
0.13297208018317208
0.16363352390120472
0.179780588764244
0.17011318909947717
0.1456494877213872
0.17010996828935362
0.20059635044197763
0.20497439511320606
0.1803502642245235
0.1735612736732165
0.2088078050710598
0.23061412797142808
0.230053541367331
0.20910242318234876
0.20528555922892705
0.23650534047952346
0.26218912224323443
0.26575707688260997
0.2563853990277872
0.24573239124142232
0.25343644832473244
0.27992902072941184
0.29942048359139706
0.3047818135582382
0.30115841595989623
0.2982231381518807
0.30288000546998023
0.31252557736557746
0.32817019837542794
0.34312716287922973
0.3551011728869405
0.35632006715268794
0.3585480751696922
0.3642225759401307
0.3706250453673031
0.37718821349853227
0.38602869517916827
0.39054578975134574
0.4001266596869662
0.4106145424373217
0.42024465721257115
0.42797280188239595
0.43570863779191915
0.44296358452095136
0.4488610987606027
0.45507863456507
0.461599987475768
0.46831764391679986
0.47539800068657406
0.4831648013481231
0.49075147732549707
0.4981445061851261
0.5053850927358525
0.5124955622114092
0.5194818834537358
0.5263447925449847
0.53306415456001
0.5406557025174894
0.5486508757341367
0.5569250021223924
0.5655573242919627
0.5746379412201266
0.5820616783036141
0.5890566125794389
0.5966399570299384
0.6039769880599835
0.610943703760014
0.6181964098867633
0.6266542022518348
0.6293003864164216
0.6330975454842241
0.6388042091957779
0.6499674457287681
0.6633548888976661
0.6762876538057804
0.6849739936208314
0.6925601614437548
0.6953919216492187
0.692266296685462
0.6916899960150277
0.706419574836266
0.7240523784137417
0.7421285571839367
0.750776378698402
0.7430938306006053
0.734951267939775
0.7404988940930576
0.7611042565400675
0.7898343398638128
0.7947484631475856
0.777014994378092
0.770844977333353
0.7829715253406108
0.8157772256046631
0.8294747916820712
0.8082314244616561
0.8001745430194429
0.8109888467641109
0.8483561940351724
0.8486478142241213
0.8267794854033347
0.8244616463239736
0.8512204377593549
0.8739159559921101
0.8530444543422185
0.8435785144923071
0.8580001804336606
0.882740251439328
0.8724184681769742
0.8602488747148794
0.8735350087011788
0.8888140427570147
0.885908737458343
0.8733742664962294
0.8882412233583225
0.8922921458635759
0.8945944534826273
0.8891084108420632
0.8989837103628882
0.8929987981694174
0.89922892900456
0.901988492707153
0.8987168450920034
0.8957463785399192
0.903945489939467
0.9113113955236904
0.8942088959096691
0.8981989782591089
0.9145767674617575
0.9076655046623088
0.8891673707963919
0.8997072785494297
0.9213059839444451
0.8993145071849784
0.8859036399706307
0.9099492587334689
0.916327474314972
0.8894761813121717
0.880587936370028
0.9152011877365303
0.905357756253007
0.8823820050472808
0.8830403755210037
0.9120691520357521
0.8922346052963478
0.8739261215838129
0.8817997863182628
0.8994747500130187
0.8818101942889258
0.8646510397912034
0.8758248842508001
0.8832321875815958
0.8718595801632346
0.8566892748454049
0.8653980343627357
0.8630365480801239
0.8614919776295825
0.845983654842913
0.8500889985843533
0.8379274843610984
0.8374163900729423
0.8333364169521237
0.8327321212391872
0.8247375667499449
0.8060261623715455
0.8118611500938228
