0.999973 0.000027 0.000000 0.999970 0.000030 0.000000 0.503920
0.771773 0.228227 0.000000 0.748950 0.251050 0.000000 0.541308
0.171117 0.828883 0.000000 0.088229 0.911771 0.000000 0.578744
-0.000000 0.194494 0.805506 -0.000000 0.013944 0.986056 0.615868
0.851202 0.148798 0.000000 0.536323 0.463677 0.000000 0.651729
-0.000000 0.150655 0.849345 0.334280 0.000000 0.665720 0.686814
0.111428 0.888572 0.000000 -0.000000 0.422571 0.577429 0.719903
0.751541 0.248459 0.000000 -0.000000 0.826696 0.173304 0.750234
0.904510 0.000000 0.095490 -0.000000 0.905039 0.094961 0.778587
0.829459 0.000000 0.170541 -0.000000 0.687596 0.312404 0.804201
0.993624 0.000000 0.006376 -0.000000 0.207014 0.792986 0.826694
0.635902 0.364098 0.000000 0.500508 0.000000 0.499492 0.845210
0.093060 0.906940 0.000000 0.602366 0.397634 0.000000 0.860219
-0.000000 0.412661 0.587339 -0.000000 0.553927 0.446073 0.872755
0.368728 0.000000 0.631272 0.605601 0.000000 0.394399 0.881102
0.789301 0.210699 0.000000 0.168232 0.831768 0.000000 0.884557
-0.000000 0.922571 0.077429 0.085172 0.000000 0.914828 0.885392
-0.000000 0.070740 0.929260 0.677814 0.322186 0.000000 0.882245
0.726323 0.000000 0.273677 -0.000000 0.501044 0.498956 0.874827
0.568633 0.431367 0.000000 0.574503 0.000000 0.425497 0.863479
-0.000000 0.994168 0.005832 0.493585 0.506415 0.000000 0.848277
-0.000000 0.585589 0.414411 -0.000000 0.744148 0.255852 0.830519
-0.000000 0.376523 0.623477 -0.000000 0.214175 0.785825 0.809558
-0.000000 0.402248 0.597752 0.057527 0.000000 0.942473 0.784545
-0.000000 0.692192 0.307808 0.038589 0.000000 0.961411 0.756530
0.273743 0.726257 0.000000 -0.000000 0.301117 0.698883 0.725886
0.830122 0.000000 0.169878 -0.000000 0.986866 0.013134 0.693263
-0.000000 0.403254 0.596746 0.956421 0.000000 0.043579 0.658810
0.990549 0.009451 0.000000 -0.000000 0.489604 0.510396 0.622662
-0.000000 0.947176 0.052824 0.658106 0.000000 0.341894 0.585400
-0.000000 0.282670 0.717330 0.610937 0.389063 0.000000 0.547089
-0.000000 0.005207 0.994793 0.305728 0.694272 0.000000 0.508232
-0.000000 0.117314 0.882686 0.429045 0.570955 0.000000 0.469446
-0.000000 0.617823 0.382177 0.979605 0.020395 0.000000 0.430889
0.501732 0.498268 0.000000 0.048095 0.000000 0.951905 0.392889
0.237492 0.000000 0.762508 0.338759 0.661241 0.000000 0.355852
0.389896 0.610104 0.000000 -0.000000 0.128886 0.871114 0.320197
-0.000000 0.365606 0.634394 0.697834 0.000000 0.302166 0.286040
0.328707 0.000000 0.671293 0.838423 0.161577 0.000000 0.254629
0.715352 0.000000 0.284648 0.713113 0.286887 0.000000 0.225292
0.820926 0.000000 0.179074 0.896981 0.103019 0.000000 0.198532
0.675355 0.000000 0.324645 0.642891 0.000000 0.357109 0.175080
0.308262 0.000000 0.691738 -0.000000 0.060912 0.939088 0.154927
-0.000000 0.246794 0.753206 -0.000000 0.971474 0.028526 0.137073
-0.000000 0.953738 0.046262 0.950888 0.000000 0.049112 0.123753
0.775061 0.224939 0.000000 -0.000000 0.252568 0.747432 0.114628
0.324504 0.000000 0.675496 0.543046 0.456954 0.000000 0.108433
-0.000000 0.614484 0.385516 0.124067 0.000000 0.875933 0.106858
0.556493 0.443507 0.000000 0.212142 0.787858 0.000000 0.107864
0.541218 0.000000 0.458782 0.495340 0.000000 0.504660 0.114294
-0.000000 0.284753 0.715247 -0.000000 0.713229 0.286771 0.123343
-0.000000 0.997255 0.002745 0.796981 0.203019 0.000000 0.136553
0.556735 0.443265 0.000000 0.287592 0.000000 0.712408 0.154131
0.930691 0.069309 0.000000 -0.000000 0.423761 0.576239 0.173966
0.915858 0.000000 0.084142 -0.000000 0.892557 0.107443 0.197337
0.985677 0.014323 0.000000 0.084244 0.915756 0.000000 0.224061
0.606922 0.393078 0.000000 -0.000000 0.967614 0.032386 0.253363
-0.000000 0.922763 0.077237 -0.000000 0.515039 0.484961 0.284692
0.091466 0.000000 0.908534 0.300612 0.000000 0.699388 0.318881
0.550040 0.449960 0.000000 0.505044 0.494956 0.000000 0.354377
0.174145 0.000000 0.825855 0.091559 0.000000 0.908441 0.391150
-0.000000 0.729760 0.270240 -0.000000 0.902736 0.097264 0.428927
0.247924 0.752076 0.000000 0.472716 0.527284 0.000000 0.467569
0.379529 0.620471 0.000000 0.617481 0.382519 0.000000 0.506208
0.119595 0.880405 0.000000 0.331555 0.668445 0.000000 0.545356
-0.000000 0.470478 0.529522 -0.000000 0.617526 0.382474 0.583801
0.558689 0.000000 0.441311 0.514558 0.000000 0.485442 0.621334
0.042872 0.957128 0.000000 -0.000000 0.947160 0.052840 0.657483
0.713487 0.000000 0.286513 0.984836 0.000000 0.015164 0.692191
-0.000000 0.193163 0.806837 0.287521 0.000000 0.712479 0.725038
-0.000000 0.783157 0.216843 -0.000000 0.061473 0.938527 0.755600
0.081114 0.918886 0.000000 -0.000000 0.089225 0.910775 0.783192
0.114340 0.885660 0.000000 0.174226 0.000000 0.825774 0.807932
-0.000000 0.913714 0.086286 0.694915 0.000000 0.305085 0.829531
-0.000000 0.511700 0.488300 0.562870 0.437130 0.000000 0.848146
0.057077 0.000000 0.942923 -0.000000 0.637215 0.362785 0.863194
0.757463 0.000000 0.242537 0.433209 0.000000 0.566791 0.874586
0.449474 0.550526 0.000000 0.394422 0.605578 0.000000 0.881179
-0.000000 0.599978 0.400022 -0.000000 0.159976 0.840024 0.885667
0.267460 0.000000 0.732540 0.905794 0.094206 0.000000 0.885415
0.888051 0.111949 0.000000 -0.000000 0.676856 0.323144 0.880926
0.103747 0.896253 0.000000 0.485878 0.000000 0.514122 0.872866
-0.000000 0.417928 0.582072 0.459721 0.540279 0.000000 0.861301
0.131782 0.000000 0.868218 -0.000000 0.555040 0.444960 0.846334
0.509517 0.000000 0.490483 0.160468 0.000000 0.839532 0.827459
0.680446 0.000000 0.319554 0.648490 0.000000 0.351510 0.804862
0.612633 0.000000 0.387367 0.873896 0.000000 0.126104 0.779490
0.275869 0.000000 0.724131 0.803456 0.000000 0.196544 0.751374
-0.000000 0.356806 0.643194 0.407514 0.000000 0.592486 0.720695
0.309113 0.690887 0.000000 -0.000000 0.340025 0.659975 0.687681
0.399442 0.000000 0.600558 0.460614 0.539386 0.000000 0.652746
0.249506 0.750494 0.000000 0.025543 0.000000 0.974457 0.616433
-0.000000 0.268535 0.731465 0.895389 0.104611 0.000000 0.578977
0.331060 0.000000 0.668940 0.235834 0.764166 0.000000 0.540621
0.544963 0.000000 0.455037 0.000541 0.999459 0.000000 0.501920
0.368593 0.000000 0.631407 0.194548 0.805452 0.000000 0.462981
-0.000000 0.198137 0.801863 0.817951 0.182049 0.000000 0.424221
0.147180 0.852820 0.000000 0.138102 0.000000 0.861898 0.386571
0.529572 0.000000 0.470428 0.317470 0.682530 0.000000 0.349928
0.158139 0.841861 0.000000 -0.000000 0.173953 0.826047 0.314155
-0.000000 0.190035 0.809965 0.590961 0.000000 0.409039 0.280754
0.450478 0.000000 0.549522 0.995526 0.000000 0.004474 0.249603
0.787761 0.000000 0.212239 0.933463 0.066537 0.000000 0.220538
0.849067 0.000000 0.150933 0.833974 0.000000 0.166026 0.194358
0.664090 0.000000 0.335910 0.330499 0.000000 0.669501 0.171676
0.262800 0.000000 0.737200 -0.000000 0.410920 0.589080 0.151450
-0.000000 0.320089 0.679911 0.352098 0.647902 0.000000 0.134625
0.048977 0.951023 0.000000 0.546125 0.000000 0.453875 0.122100
0.886676 0.113324 0.000000 -0.000000 0.675344 0.324656 0.112861
0.203953 0.000000 0.796047 0.975652 0.024348 0.000000 0.108097
-0.000000 0.738577 0.261423 -0.000000 0.312435 0.687565 0.106552
0.676332 0.323668 0.000000 0.643965 0.356035 0.000000 0.108737
0.432125 0.000000 0.567875 0.075337 0.000000 0.924663 0.115934
-0.000000 0.378205 0.621795 0.116026 0.883974 0.000000 0.125198
0.067458 0.932542 0.000000 0.825796 0.000000 0.174204 0.139208
0.598190 0.401810 0.000000 -0.000000 0.058009 0.941991 0.157177
0.938265 0.061735 0.000000 -0.000000 0.732092 0.267908 0.177426
0.949134 0.000000 0.050866 0.155953 0.844047 0.000000 0.201752
0.907076 0.092924 0.000000 0.297783 0.702217 0.000000 0.228914
0.478637 0.521363 0.000000 0.126500 0.873500 0.000000 0.258656
-0.000000 0.740612 0.259388 -0.000000 0.614673 0.385327 0.290170
0.330939 0.000000 0.669061 0.264033 0.000000 0.735967 0.324867
0.250850 0.749150 0.000000 0.475935 0.524065 0.000000 0.360520
0.535950 0.000000 0.464050 0.189545 0.000000 0.810455 0.397624
-0.000000 0.303552 0.696448 -0.000000 0.733907 0.266093 0.435295
-0.000000 0.757237 0.242763 0.232960 0.767040 0.000000 0.474114
-0.000000 0.823074 0.176926 0.305381 0.694619 0.000000 0.512829
-0.000000 0.496748 0.503252 -0.000000 0.946422 0.053578 0.551999
0.216258 0.000000 0.783742 -0.000000 0.162116 0.837884 0.590126
0.691667 0.308333 0.000000 0.960833 0.039167 0.000000 0.627311
-0.000000 0.231069 0.768931 -0.000000 0.354175 0.645825 0.663582
0.418813 0.581187 0.000000 0.360694 0.639306 0.000000 0.697519
0.730761 0.000000 0.269239 0.996163 0.003837 0.000000 0.730114
0.192087 0.000000 0.807913 0.711296 0.000000 0.288704 0.760289
-0.000000 0.059123 0.940877 0.734965 0.000000 0.265035 0.787689
-0.000000 0.050998 0.949002 0.956097 0.043903 0.000000 0.812061
0.185490 0.000000 0.814510 0.395961 0.604039 0.000000 0.832918
0.617797 0.000000 0.382203 -0.000000 0.620424 0.379576 0.851061
0.788158 0.211842 0.000000 0.333026 0.000000 0.666974 0.865341
0.070509 0.929491 0.000000 0.577560 0.422440 0.000000 0.875225
-0.000000 0.264462 0.735538 -0.000000 0.390909 0.609091 0.883005
0.591153 0.000000 0.408847 0.850268 0.000000 0.149732 0.885755
0.543905 0.456095 0.000000 -0.000000 0.898296 0.101704 0.884180
-0.000000 0.706370 0.293630 0.322993 0.000000 0.677007 0.880088
0.064552 0.000000 0.935448 0.528993 0.471007 0.000000 0.871454
0.729848 0.000000 0.270152 -0.000000 0.497167 0.502833 0.859214
0.746774 0.253226 0.000000 0.378548 0.000000 0.621452 0.843129
0.402276 0.597724 0.000000 0.942504 0.057496 0.000000 0.822996
0.270143 0.729857 0.000000 0.497158 0.502842 0.000000 0.800090
0.381632 0.618368 0.000000 0.319795 0.680205 0.000000 0.774158
0.765904 0.234096 0.000000 0.442494 0.557506 0.000000 0.745726
0.550658 0.000000 0.449342 0.894277 0.105723 0.000000 0.715133
-0.000000 0.457323 0.542677 0.296945 0.000000 0.703055 0.682053
0.808143 0.191857 0.000000 -0.000000 0.888957 0.111043 0.646688
-0.000000 0.518203 0.481797 0.529976 0.000000 0.470024 0.610305
0.399274 0.000000 0.600726 0.460798 0.539202 0.000000 0.572549
0.934901 0.000000 0.065099 -0.000000 0.871609 0.128391 0.534193
0.917386 0.082614 0.000000 -0.000000 0.709124 0.290876 0.495245
0.840568 0.000000 0.159432 -0.000000 0.975375 0.024625 0.456557
0.210273 0.000000 0.789727 0.668700 0.331300 0.000000 0.417864
-0.000000 0.803565 0.196435 0.216079 0.000000 0.783921 0.380158
0.810770 0.000000 0.189230 0.308153 0.691847 0.000000 0.343944
-0.000000 0.936157 0.063843 -0.000000 0.229773 0.770227 0.308217
-0.000000 0.024241 0.975759 0.473335 0.000000 0.526665 0.275464
0.563279 0.000000 0.436721 0.819607 0.000000 0.180393 0.244619
0.852201 0.000000 0.147799 0.837421 0.000000 0.162579 0.215946
0.870128 0.000000 0.129872 0.557141 0.000000 0.442859 0.190409
0.646059 0.000000 0.353941 0.010665 0.000000 0.989335 0.167947
0.211199 0.000000 0.788801 -0.000000 0.767681 0.232319 0.148086
-0.000000 0.398580 0.601420 0.738439 0.261561 0.000000 0.132403
0.147229 0.852771 0.000000 0.138048 0.000000 0.861952 0.120694
0.999347 0.000000 0.000653 0.100718 0.899282 0.000000 0.111566
0.082427 0.000000 0.917573 0.590669 0.000000 0.409331 0.107712
-0.000000 0.862487 0.137513 -0.000000 0.748736 0.251264 0.106212
0.794859 0.205141 0.000000 0.925655 0.000000 0.074345 0.109769
0.324505 0.000000 0.675495 -0.000000 0.343045 0.656955 0.117146
-0.000000 0.467995 0.532005 0.514795 0.485205 0.000000 0.127301
0.132898 0.867102 0.000000 0.453812 0.000000 0.546188 0.142168
0.633883 0.366117 0.000000 -0.000000 0.397271 0.602729 0.160161
0.937800 0.062200 0.000000 0.031580 0.968420 0.000000 0.181348
0.990561 0.000000 0.009439 0.410383 0.589617 0.000000 0.206231
0.819601 0.180399 0.000000 0.501561 0.498439 0.000000 0.233839
0.341127 0.658873 0.000000 0.275239 0.724761 0.000000 0.263812
-0.000000 0.548762 0.451238 -0.000000 0.703638 0.296362 0.295670
0.580203 0.000000 0.419797 0.238223 0.000000 0.761777 0.330927
-0.000000 0.941230 0.058770 0.435353 0.564647 0.000000 0.366493
0.907945 0.000000 0.092055 0.298740 0.000000 0.701260 0.404069
0.134359 0.000000 0.865641 -0.000000 0.552205 0.447795 0.441838
-0.000000 0.255029 0.744971 -0.000000 0.980532 0.019468 0.480660
-0.000000 0.253565 0.746435 -0.000000 0.978922 0.021078 0.519578
0.137530 0.000000 0.862470 -0.000000 0.548717 0.451283 0.558308
0.914687 0.000000 0.085313 0.306155 0.000000 0.693845 0.596438
-0.000000 0.931440 0.068560 0.424584 0.575416 0.000000 0.633474
0.589954 0.000000 0.410046 0.248950 0.000000 0.751050 0.669363
-0.000000 0.539552 0.460448 -0.000000 0.693508 0.306492 0.703870
0.337780 0.662220 0.000000 0.271558 0.728442 0.000000 0.734936
0.825905 0.174095 0.000000 0.508496 0.491504 0.000000 0.764490
0.968851 0.000000 0.031149 0.434263 0.565737 0.000000 0.791448
0.982533 0.017467 0.000000 0.080787 0.919213 0.000000 0.815312
0.710150 0.289850 0.000000 -0.000000 0.481165 0.518835 0.836357
0.248481 0.751519 0.000000 0.326671 0.000000 0.673329 0.853252
-0.000000 0.631249 0.368751 0.694374 0.305626 0.000000 0.867138
0.104293 0.000000 0.895707 -0.000000 0.585278 0.414722 0.877355
0.921627 0.000000 0.078373 0.613790 0.000000 0.386210 0.883665
0.220499 0.779501 0.000000 0.142549 0.857451 0.000000 0.884701
-0.000000 0.355662 0.644338 0.108772 0.000000 0.891228 0.884731
0.473687 0.000000 0.526313 0.678944 0.321056 0.000000 0.878911
0.770983 0.229017 0.000000 -0.000000 0.548081 0.451919 0.869492
0.126852 0.873148 0.000000 0.460463 0.000000 0.539537 0.856343
-0.000000 0.631326 0.368674 0.694459 0.305541 0.000000 0.839959
-0.000000 0.319539 0.680461 0.051493 0.948507 0.000000 0.819923
-0.000000 0.225552 0.774448 -0.000000 0.648107 0.351893 0.797064
-0.000000 0.380642 0.619358 -0.000000 0.518706 0.481294 0.770937
-0.000000 0.814730 0.185270 -0.000000 0.696203 0.303797 0.741413
0.552201 0.447799 0.000000 0.207422 0.792578 0.000000 0.709288
0.384675 0.000000 0.615325 0.923143 0.000000 0.076857 0.676141
0.025666 0.974334 0.000000 -0.000000 0.328233 0.671767 0.640790
0.202672 0.000000 0.797328 0.977061 0.022939 0.000000 0.603996
0.943795 0.056205 0.000000 0.038175 0.961825 0.000000 0.566165
0.473617 0.526383 0.000000 -0.000000 0.520979 0.479021 0.527491
0.392682 0.607318 0.000000 -0.000000 0.431950 0.568050 0.488665
0.700685 0.299315 0.000000 -0.000000 0.770754 0.229246 0.449973
0.605711 0.000000 0.394289 0.533718 0.466282 0.000000 0.411637
-0.000000 0.471014 0.528986 0.281884 0.000000 0.718116 0.373905
0.918847 0.081153 0.000000 0.310731 0.689269 0.000000 0.337806
-0.000000 0.724120 0.275880 -0.000000 0.296532 0.703468 0.302398
0.131967 0.000000 0.868033 0.345164 0.000000 0.654836 0.270126
0.667557 0.000000 0.332443 0.634313 0.000000 0.365687 0.239696
0.908821 0.000000 0.091179 0.599704 0.000000 0.400296 0.211551
0.884006 0.000000 0.115994 0.272407 0.000000 0.727593 0.186584
0.622160 0.000000 0.377840 -0.000000 0.315624 0.684376 0.164165
0.156027 0.000000 0.843973 0.128370 0.871630 0.000000 0.145288
-0.000000 0.479889 0.520111 0.872122 0.000000 0.127878 0.130083
0.248952 0.751048 0.000000 -0.000000 0.273848 0.726152 0.118728
0.884314 0.000000 0.115686 0.527255 0.472745 0.000000 0.110634
-0.000000 0.039488 0.960512 0.156564 0.000000 0.843436 0.107666
-0.000000 0.985921 0.014079 0.184513 0.815487 0.000000 0.106369
0.911833 0.088167 0.000000 0.496984 0.000000 0.503016 0.110877
0.219396 0.000000 0.780604 -0.000000 0.758664 0.241336 0.118308
-0.000000 0.554461 0.445539 0.909908 0.090092 0.000000 0.129580
0.193688 0.806312 0.000000 0.086943 0.000000 0.913057 0.145124
0.664847 0.335153 0.000000 -0.000000 0.731332 0.268668 0.163223
0.931743 0.068257 0.000000 0.324917 0.675083 0.000000 0.185429
0.960989 0.039011 0.000000 0.657088 0.342912 0.000000 0.210862
0.724670 0.275330 0.000000 0.697137 0.302863 0.000000 0.238803
0.195218 0.804782 0.000000 0.414740 0.585260 0.000000 0.269101
-0.000000 0.347509 0.652491 -0.000000 0.782260 0.217740 0.301331
0.838984 0.000000 0.161016 0.222882 0.000000 0.777118 0.336857
-0.000000 0.620977 0.379023 0.383074 0.616926 0.000000 0.372620
0.709610 0.290390 0.000000 0.419429 0.000000 0.580571 0.410302
0.582409 0.000000 0.417591 -0.000000 0.359350 0.640650 0.448523
0.259417 0.000000 0.740583 -0.000000 0.714641 0.285359 0.487179
0.326865 0.000000 0.673135 -0.000000 0.640449 0.359551 0.526112
0.783073 0.000000 0.216927 -0.000000 0.138620 0.861380 0.564773
0.376472 0.623528 0.000000 0.785881 0.000000 0.214119 0.602638
-0.000000 0.159975 0.840025 -0.000000 0.875973 0.124027 0.639769
0.579740 0.420260 0.000000 0.862286 0.000000 0.137714 0.675052
0.348842 0.000000 0.651158 -0.000000 0.016273 0.983727 0.709033
-0.000000 0.395248 0.604752 -0.000000 0.534773 0.465227 0.741166
-0.000000 0.835454 0.164546 -0.000000 0.718999 0.281001 0.769806
-0.000000 0.996208 0.003792 -0.000000 0.595829 0.404171 0.796071
-0.000000 0.906934 0.093066 -0.000000 0.197628 0.802372 0.819606
-0.000000 0.600113 0.399887 0.439876 0.000000 0.560124 0.839744
-0.000000 0.109231 0.890769 0.720155 0.279845 0.000000 0.856264
0.530272 0.000000 0.469728 -0.000000 0.716701 0.283299 0.869136
0.717473 0.282527 0.000000 0.410779 0.000000 0.589221 0.878643
-0.000000 0.891922 0.108078 0.381114 0.618886 0.000000 0.883456
-0.000000 0.028042 0.971958 -0.000000 0.130846 0.869154 0.886322
0.832479 0.000000 0.167521 0.884273 0.115727 0.000000 0.883701
0.349469 0.650531 0.000000 -0.000000 0.684416 0.315584 0.876910
-0.000000 0.609725 0.390275 0.429302 0.000000 0.570698 0.867860
0.012421 0.000000 0.987579 0.586337 0.413663 0.000000 0.854178
0.479363 0.000000 0.520637 -0.000000 0.772701 0.227299 0.836883
0.757523 0.000000 0.242477 -0.000000 0.166725 0.833275 0.816690
0.811780 0.000000 0.188220 0.192958 0.000000 0.807042 0.792571
0.611804 0.000000 0.388196 0.272984 0.000000 0.727016 0.765688
0.129022 0.000000 0.870978 0.041924 0.000000 0.958076 0.736267
-0.000000 0.662196 0.337804 -0.000000 0.528415 0.471585 0.704818
0.783726 0.216274 0.000000 0.462099 0.537901 0.000000 0.669912
-0.000000 0.253152 0.746848 0.221533 0.000000 0.778467 0.634680
0.912688 0.000000 0.087312 0.496043 0.503957 0.000000 0.597573
0.297997 0.702003 0.000000 -0.000000 0.627797 0.372203 0.559664
-0.000000 0.892616 0.107384 -0.000000 0.181878 0.818122 0.521072
-0.000000 0.876474 0.123526 -0.000000 0.164122 0.835878 0.482223
0.249709 0.750291 0.000000 -0.000000 0.574680 0.425320 0.443382
0.990980 0.000000 0.009020 0.409922 0.590078 0.000000 0.405302
-0.000000 0.148109 0.851891 0.337080 0.000000 0.662920 0.367654
0.657913 0.342087 0.000000 0.323704 0.676296 0.000000 0.331707
-0.000000 0.521385 0.478615 -0.000000 0.373523 0.626477 0.296557
0.279236 0.000000 0.720764 0.207160 0.000000 0.792840 0.264838
0.763745 0.000000 0.236255 0.440120 0.000000 0.559880 0.234862
0.958330 0.000000 0.041670 0.354163 0.000000 0.645837 0.207257
0.891291 0.000000 0.108709 -0.000000 0.019580 0.980420 0.182436
0.592162 0.000000 0.407838 -0.000000 0.648622 0.351378 0.160442
0.095211 0.000000 0.904789 0.495268 0.504732 0.000000 0.142664
-0.000000 0.565541 0.434459 0.477905 0.000000 0.522095 0.128089
0.353741 0.646259 0.000000 -0.000000 0.689115 0.310885 0.116741
0.767234 0.000000 0.232766 0.956042 0.043958 0.000000 0.109958
-0.000000 0.163012 0.836988 -0.000000 0.279314 0.720686 0.107120
0.108441 0.891559 0.000000 0.619286 0.380714 0.000000 0.106814
0.972889 0.000000 0.027111 0.070178 0.000000 0.929822 0.112171
0.116850 0.000000 0.883150 0.171465 0.828535 0.000000 0.119943
-0.000000 0.636961 0.363039 0.699343 0.000000 0.300657 0.131916
0.250447 0.749553 0.000000 -0.000000 0.275492 0.724508 0.147760
0.689197 0.310803 0.000000 0.058116 0.941884 0.000000 0.166797
0.917977 0.082023 0.000000 0.609775 0.390225 0.000000 0.189621
0.905359 0.094641 0.000000 0.895894 0.104106 0.000000 0.215330
0.621472 0.378528 0.000000 0.883619 0.116381 0.000000 0.243779
0.040263 0.959737 0.000000 0.544289 0.455711 0.000000 0.274444
-0.000000 0.136411 0.863589 -0.000000 0.850052 0.149948 0.307277
0.892071 0.107929 0.000000 0.218722 0.000000 0.781278 0.342709
-0.000000 0.289991 0.710009 0.318990 0.681010 0.000000 0.378706
0.315870 0.684130 0.000000 0.552542 0.000000 0.447458 0.416651
0.959660 0.040340 0.000000 -0.000000 0.155626 0.844374 0.455081
0.784094 0.000000 0.215906 -0.000000 0.437497 0.562503 0.493809
0.917537 0.000000 0.082463 -0.000000 0.290709 0.709291 0.532671
0.561829 0.438171 0.000000 0.281988 0.000000 0.718012 0.571092
-0.000000 0.657722 0.342278 0.723494 0.276506 0.000000 0.608953
0.621224 0.000000 0.378776 -0.000000 0.316654 0.683346 0.645762
-0.000000 0.739709 0.260291 0.513680 0.486320 0.000000 0.680999
0.754605 0.245395 0.000000 0.669934 0.000000 0.330066 0.714133
0.555004 0.000000 0.444996 0.210504 0.000000 0.789496 0.745756
0.164684 0.000000 0.835316 0.081152 0.000000 0.918848 0.774636
0.047989 0.000000 0.952011 0.252788 0.000000 0.747212 0.800528
0.175456 0.000000 0.824544 0.693001 0.000000 0.306999 0.823159
0.514958 0.000000 0.485042 0.633547 0.366453 0.000000 0.842507
0.966975 0.033025 0.000000 -0.000000 0.763673 0.236327 0.858369
0.306517 0.693483 0.000000 0.262832 0.000000 0.737168 0.870785
-0.000000 0.539341 0.460659 0.593275 0.406725 0.000000 0.879657
0.295964 0.000000 0.704036 -0.000000 0.374440 0.625560 0.884936
0.837984 0.162016 0.000000 0.878218 0.000000 0.121782 0.885720
-0.000000 0.983038 0.016962 -0.000000 0.881342 0.118658 0.882116
-0.000000 0.173128 0.826872 0.309559 0.000000 0.690441 0.876688
0.549384 0.000000 0.450616 0.595678 0.404322 0.000000 0.865616
0.852679 0.147321 0.000000 -0.000000 0.637947 0.362053 0.851340
0.415430 0.584570 0.000000 0.143027 0.000000 0.856973 0.833405
0.173608 0.826392 0.000000 0.709031 0.000000 0.290969 0.812078
0.159999 0.840001 0.000000 0.975998 0.024002 0.000000 0.787756
0.405924 0.594076 0.000000 0.946516 0.053484 0.000000 0.760370
0.937978 0.062022 0.000000 0.768225 0.000000 0.231775 0.730704
0.217394 0.000000 0.782606 0.139134 0.000000 0.860866 0.698788
-0.000000 0.961917 0.038083 -0.000000 0.858109 0.141891 0.664478
0.508852 0.000000 0.491148 0.759737 0.000000 0.240263 0.628605
0.388572 0.611428 0.000000 0.027429 0.972571 0.000000 0.591303
-0.000000 0.662793 0.337207 -0.000000 0.229073 0.770927 0.553213
-0.000000 0.322530 0.677470 0.145217 0.000000 0.854783 0.514641
-0.000000 0.370712 0.629288 0.092217 0.000000 0.907783 0.475677
-0.000000 0.810093 0.189907 -0.000000 0.391102 0.608898 0.436834
0.634492 0.365508 0.000000 0.297941 0.702059 0.000000 0.398868
0.164105 0.000000 0.835895 0.380516 0.000000 0.619484 0.361671
0.406959 0.593041 0.000000 0.347655 0.652345 0.000000 0.325815
-0.000000 0.328452 0.671548 -0.000000 0.461297 0.538703 0.290898
0.417559 0.000000 0.582441 0.059314 0.000000 0.940686 0.259601
0.851338 0.000000 0.148662 0.236472 0.000000 0.763528 0.229904
0.999964 0.000000 0.000036 0.099960 0.000000 0.900040 0.202725
0.891591 0.000000 0.108409 -0.000000 0.319250 0.680750 0.178327
0.557329 0.000000 0.442671 -0.000000 0.986938 0.013062 0.157154
0.030626 0.000000 0.969374 0.866311 0.133689 0.000000 0.140097
-0.000000 0.653831 0.346169 0.080786 0.000000 0.919214 0.126133
0.461004 0.538996 0.000000 0.107105 0.892895 0.000000 0.115198
0.649089 0.000000 0.350911 0.613998 0.000000 0.386002 0.109314
-0.000000 0.286575 0.713425 -0.000000 0.715233 0.284767 0.106440
0.230252 0.769748 0.000000 0.946723 0.000000 0.053277 0.107469
0.858659 0.000000 0.141341 -0.000000 0.355476 0.644524 0.112968
0.017376 0.000000 0.982624 0.580886 0.419114 0.000000 0.121826
-0.000000 0.715134 0.284866 0.313353 0.000000 0.686647 0.134556
0.302199 0.697801 0.000000 -0.000000 0.632419 0.367581 0.150403
0.707964 0.292036 0.000000 0.378760 0.621240 0.000000 0.170492
0.898212 0.101788 0.000000 0.888033 0.111967 0.000000 0.193795
0.841717 0.158283 0.000000 0.874111 0.000000 0.125889 0.219958
0.509473 0.490527 0.000000 0.939580 0.000000 0.060420 0.248863
-0.000000 0.875813 0.124187 0.663394 0.336606 0.000000 0.279752
0.084184 0.000000 0.915816 -0.000000 0.907398 0.092602 0.313220
0.612669 0.387331 0.000000 0.226064 0.000000 0.773936 0.348640
0.051985 0.000000 0.948015 0.242817 0.757183 0.000000 0.385156
-0.000000 0.911292 0.088708 0.697579 0.000000 0.302421 0.423020
0.490646 0.509354 0.000000 0.060290 0.000000 0.939710 0.461480
0.682148 0.317852 0.000000 -0.000000 0.150363 0.849637 0.500302
0.484006 0.515994 0.000000 0.067593 0.000000 0.932407 0.539135
-0.000000 0.897582 0.102418 0.712660 0.000000 0.287340 0.577679
0.070537 0.000000 0.929463 0.222409 0.777591 0.000000 0.615254
0.588720 0.411280 0.000000 0.252408 0.000000 0.747592 0.651652
0.110586 0.000000 0.889414 -0.000000 0.878356 0.121644 0.686931
-0.000000 0.849156 0.150844 0.634072 0.365928 0.000000 0.719633
0.487696 0.512304 0.000000 0.963535 0.000000 0.036465 0.750260
0.829362 0.170638 0.000000 0.887702 0.000000 0.112298 0.778658
0.902813 0.097187 0.000000 0.893094 0.106906 0.000000 0.804029
0.737924 0.262076 0.000000 0.411716 0.588284 0.000000 0.826002
0.366415 0.633585 0.000000 -0.000000 0.703057 0.296943 0.844878
-0.000000 0.821002 0.178998 0.196898 0.000000 0.803102 0.861018
-0.000000 0.138939 0.861061 0.752833 0.247167 0.000000 0.872990
0.642346 0.000000 0.357654 -0.000000 0.593419 0.406581 0.880858
0.514332 0.485668 0.000000 0.634235 0.000000 0.365765 0.884914
-0.000000 0.649005 0.350995 0.113905 0.886095 0.000000 0.884885
0.202912 0.000000 0.797088 0.123203 0.000000 0.876797 0.882488
0.999584 0.000000 0.000416 0.700458 0.299542 0.000000 0.874634
0.297613 0.702387 0.000000 -0.000000 0.627374 0.372626 0.862937
-0.000000 0.723372 0.276628 0.304291 0.000000 0.695709 0.848885
-0.000000 0.315201 0.684799 0.946721 0.053279 0.000000 0.830639
-0.000000 0.110117 0.889883 0.421129 0.578871 0.000000 0.808487
