weights1
-1.961069 -1.124658 -0.872226 -1.428451 -0.979798 -1.494188 -1.094779 -0.209972 -0.543999 -0.958092 -1.237127 -2.052671 -2.179095 -1.792791 -2.239944 -2.175421 -2.088969 -1.694964 -1.483697 -2.643268 
-1.101327 -0.997049 -0.414561 -0.815864 -0.923173 -2.064760 -1.597739 -0.718398 -0.885363 -1.005175 -0.543310 -2.506917 -3.046995 -2.371099 -1.765301 -2.244581 -2.008573 -2.201653 -2.117116 -2.686789 
-1.474361 -0.699233 -1.192040 -1.481265 -1.308462 -1.113383 -1.315020 -0.099467 -0.788832 -0.511927 -0.785514 -1.947279 -2.433075 -1.834327 -1.632771 -1.902393 -1.839634 -2.401863 -2.183492 -2.742446 
-1.897467 -0.483813 -0.408812 -0.883717 -0.853489 -1.416767 -1.679364 -0.976572 -0.782426 -0.362783 -1.280418 -2.176696 -2.364089 -1.696702 -1.936432 -2.397514 -2.184223 -1.892635 -2.136924 -3.373445 
-1.296318 -0.475137 -0.738496 -1.060381 -0.937122 -1.859730 -1.724658 -0.872411 -1.067164 -0.980437 -1.089561 -2.139368 -2.573353 -2.322092 -1.767973 -1.920920 -1.971727 -1.977632 -2.295699 -2.486126 
-1.108566 -0.227288 -0.752161 -1.355275 -1.695446 -1.610538 -1.219419 -0.918881 -1.355923 -0.535813 -1.049047 -1.960799 -2.862902 -2.292072 -1.877647 -2.019093 -2.188867 -1.641070 -2.229546 -3.199595 
-1.189057 -0.856606 -0.552115 -0.979187 -1.663578 -1.698502 -1.800534 -0.198438 -0.894544 -0.690053 -0.908294 -2.067321 -2.787510 -2.005303 -1.676212 -1.743631 -1.464470 -1.994216 -1.486638 -3.325715 
weights2
-1.093408 -0.327257 -0.514519 -2.617593 -0.797217 -1.422849 0.341384 -0.210090 -1.013916 0.047918 
-1.474690 -0.452475 -0.594801 -1.839375 -0.241062 -0.657521 -0.244061 0.206945 -0.547011 0.285390 
-1.300655 -0.295015 0.012264 -1.890541 -0.083836 -0.770966 0.706050 0.192200 -1.244290 -0.382157 
-1.096543 -0.389429 -0.551093 -2.422483 -0.159964 -1.472265 0.618203 -0.097723 -0.456977 -0.532464 
-1.293469 0.362892 -0.451086 -2.320677 -0.121072 -1.342861 0.012561 0.046455 -0.446785 0.195758 
-1.576125 -0.356047 0.087188 -2.568769 -0.211524 -1.356299 0.064477 0.070603 -1.014661 -0.077431 
-1.275952 -0.399232 -0.621589 -2.383367 -0.006592 -1.519324 -0.271461 -0.309773 -1.240785 -0.175821 
-0.839973 -0.318444 0.024126 -1.981387 -0.010885 -1.098698 0.308298 0.039338 -0.393619 0.216462 
-1.052284 0.028271 -0.760433 -1.793500 -0.020548 -1.466421 -0.237806 0.059192 -0.540868 -0.476968 
-0.687853 -0.275800 -0.217740 -1.820410 -0.468901 -1.414005 0.614142 -0.330847 -1.134716 -0.121462 
-0.742433 0.426624 0.076282 -2.053999 -0.777265 -1.450686 0.166993 -0.430089 -1.235133 0.122770 
-1.615241 -0.509420 -0.865753 -2.679104 -0.999474 -1.572491 -0.292165 -0.472520 -1.300933 -0.596479 
-1.615241 -0.509420 -0.865753 -2.679104 -0.999474 -1.572491 -0.292165 -0.472520 -1.300933 -0.596479 
-1.615241 -0.509420 -0.865753 -2.679104 -0.999474 -1.572491 -0.292165 -0.472520 -1.300933 -0.596479 
-1.615241 -0.509420 -0.865753 -2.679104 -0.999474 -1.572491 -0.292165 -0.472520 -1.300933 -0.596479 
-1.615241 -0.509420 -0.865753 -2.679104 -0.999474 -1.572491 -0.292165 -0.472520 -1.300933 -0.596479 
-1.615241 -0.509420 -0.865753 -2.679104 -0.999474 -1.572491 -0.292165 -0.472520 -1.300933 -0.596479 
-1.615241 -0.509420 -0.865753 -2.679104 -0.999474 -1.572491 -0.292165 -0.472520 -1.300933 -0.596479 
-1.615241 -0.509420 -0.865753 -2.679104 -0.999474 -1.572491 -0.292165 -0.472520 -1.300933 -0.596479 
-1.615241 -0.509420 -0.865753 -2.679104 -0.999474 -1.572491 -0.292165 -0.472520 -1.300933 -0.596479 
weights3
1.170884 
0.746697 
0.976184 
1.545681 
1.265672 
1.519306 
0.708427 
0.777530 
1.051018 
0.850101 
bias1
1.382786 -0.046540 -0.092290 0.401640 0.574503 1.266098 1.797752 -1.690130 -0.753107 -0.149203 0.233456 2.663476 3.484377 2.743716 2.980699 1.632843 1.116301 3.898354 0.944132 5.171672 
bias2
2.101196 -0.229163 0.056394 2.559750 0.232269 2.138565 -0.050118 -0.131226 1.495507 -0.188638 
bias3
-3.368939 
